1.1510776 -0.0054738 -0.0017350 -0.0042350 -0.0042132 -0.0057735 -0.0068439 -0.0020855 -0.0135739 -0.0082455 -0.0079894 -0.0032413 -0.0066012 0.0144966 0.0024694 -0.0100610 0.0005936 -0.0048598 -0.0032539 -0.0091255 -0.0034505 -0.0039851 -0.0048253 -0.0028359 -0.0037048 -0.0034059 -0.0028918 -0.0096080 -0.0043193 -0.0085538 -0.0013495 0.0033963 -0.0059280 -0.0098027 -0.0073184 0.0070897 -0.0294019 -0.0080332 -0.0013002 -0.0020324 -0.0063317 -0.0015999 -0.0051196 -0.0009147 -0.0045513 -0.0021171 -0.0036891 -0.0002381 -0.0070314 -0.0063314 -0.0281071 -0.0078729 -0.0030361 -0.0084430 -0.0041309 -0.0032154 -0.0041193 -0.0014010 -0.0066469 0.0005967 0.0006239 -0.0116409 -0.0075551 -0.0086571 -0.0005788 -0.0021207 0.0012607 -0.0030390 0.0021699 -0.0301899 -0.0004214 -0.0038331 -0.0074180 -0.0070902 0.0021605 -0.0078302 -0.0022700 -0.0045503 -0.0088937 -0.0071868 -0.0044073 0.0037978 -0.0055403 -0.0051388 -0.0036547 -0.0072734 -0.0044531 -0.0018735 -0.0026865 -0.0093046 -0.0022423 -0.0054233 0.0067657 -0.0044062 -0.0090807 -0.0050308 -0.0108207 -0.0020214 -0.0022638 0.0016798 -0.0067427 -0.0091451 0.0051060 -0.0053939 -0.0051718 0.0021517 -0.0027634 -0.0087037 -0.0021597 -0.0040662 0.0001129 -0.0042891 0.0028507 -0.0044336 0.0105600 0.0001990 -0.0041750 0.0004093 -0.0035071 -0.0097580 -0.0053625 -0.0068177 -0.0047174 -0.0047693 -0.0120904 -0.0062905 0.0019665 -0.0107137 -0.0052564 -0.0014671 -0.0010168 -0.0022113 -0.0016324 -0.0024023 -0.0025918 -0.0039457 -0.0053756 0.0118654 0.0080773 -0.0056287 -0.0063197 0.0008479 -0.0026964 -0.0012875 -0.0045526 -0.0033940 -0.0015154 -0.0020245 -0.0019870 -0.0022364 -0.0033421 0.0000072 -0.0050159 0.0084647 -0.0022709 -0.0010379 0.0056105 -0.0092087 -0.0075916 0.0047963 -0.0033536 -0.0061685 -0.0089167 -0.0044302 -0.0012452 0.0009809 -0.0028817 -0.0046698 -0.0036058 -0.0067461 -0.0046257 -0.0083767 -0.0028851 -0.0095569 -0.0016478 -0.0064744 -0.0017575 -0.0068070 0.0010706 -0.0046125 -0.0070334 -0.0049019 -0.0066383 -0.0024979 0.0011661 -0.0055884 -0.0030265 -0.0000642 0.0000530 -0.0073547 -0.0088771 -0.0023200 0.0032870 -0.0099214 -0.0084570 -0.0035646 -0.0033867 -0.0095068 -0.0049611 -0.0108900 -0.0071486 -0.0080324 0.0013459 -0.0027975 -0.0061524 0.0040170 -0.0054770 0.0017153 -0.0027917 -0.0025806 -0.0012490 -0.0018029 -0.0017460 -0.0014528 -0.0042619 -0.0052973 -0.0016361 -0.0041336 -0.0020299
-0.0054738 1.1290491 -0.0057676 -0.0033399 0.0108069 -0.0055683 -0.0081528 0.0021678 -0.0062975 -0.0073166 -0.0006760 -0.0015831 0.0096603 -0.0080138 -0.0060646 -0.0054604 -0.0108936 -0.0062591 0.0002013 -0.0065976 0.0054464 -0.0052863 -0.0031790 -0.0046414 -0.0040418 -0.0015050 -0.0063902 -0.0094438 -0.0046085 -0.0065786 0.0002111 -0.0014082 -0.0003620 -0.0083221 -0.0074715 -0.0073169 -0.0299495 -0.0032698 -0.0025942 0.0099147 0.0241904 -0.0078766 -0.0046846 -0.0003880 0.0017234 -0.0025372 -0.0053457 -0.0084198 0.0000337 -0.0074754 -0.0302758 -0.0017482 -0.0032746 0.0099397 -0.0033887 -0.0031912 -0.0041261 -0.0067198 -0.0056765 -0.0012887 -0.0021242 -0.0047596 -0.0045983 -0.0070434 0.0000989 -0.0022184 -0.0040233 -0.0013392 -0.0009899 -0.0306285 -0.0047141 -0.0034994 -0.0041184 -0.0011366 -0.0032743 -0.0070545 -0.0022246 -0.0030185 0.0029394 -0.0033147 -0.0018385 -0.0056725 -0.0024118 0.0065903 -0.0032338 -0.0074585 -0.0005547 -0.0052819 -0.0011708 -0.0029051 -0.0042171 -0.0048853 -0.0054240 -0.0020488 0.0088074 -0.0040932 -0.0111316 -0.0051033 -0.0057968 -0.0017786 0.0080605 -0.0078297 -0.0048378 -0.0069628 -0.0009309 -0.0007760 -0.0045361 -0.0034793 -0.0024009 -0.0043393 -0.0066267 -0.0055126 -0.0043400 0.0178226 -0.0033774 -0.0014033 -0.0015915 -0.0014739 -0.0058643 -0.0059931 -0.0036660 -0.0028911 -0.0078890 -0.0073082 -0.0015458 0.0083820 -0.0099824 0.0102592 -0.0066211 -0.0040455 -0.0043695 -0.0101904 -0.0054802 0.0008355 0.0031752 -0.0073568 -0.0053064 -0.0047000 -0.0031334 0.0048899 -0.0040061 -0.0014557 -0.0005449 -0.0029163 -0.0042670 -0.0044747 -0.0018701 -0.0021454 -0.0008161 -0.0021184 -0.0024859 -0.0030843 0.0030569 -0.0032761 -0.0008480 -0.0028077 -0.0007481 0.0066042 -0.0065726 -0.0081466 -0.0026378 -0.0059773 -0.0062229 -0.0034070 -0.0045722 -0.0050094 0.0004709 0.0016839 -0.0030030 -0.0045403 0.0002171 -0.0043857 -0.0065787 -0.0091263 -0.0042124 -0.0044153 -0.0103005 -0.0013504 -0.0048407 -0.0058911 -0.0045373 -0.0065862 -0.0065085 -0.0077747 -0.0061823 0.0000152 -0.0037796 -0.0060896 -0.0032067 -0.0052239 -0.0090779 -0.0009171 -0.0089073 -0.0084399 -0.0047231 -0.0086069 -0.0065118 -0.0028775 -0.0087497 -0.0088165 -0.0042068 -0.0087178 -0.0018163 -0.0048748 -0.0005594 -0.0029365 -0.0070690 -0.0030822 -0.0034789 0.0020124 -0.0032132 -0.0057307 -0.0035313 0.0006812 -0.0051412 -0.0001051 -0.0036396 -0.0032507 -0.0038010
-0.0017350 -0.0057676 1.1755314 -0.0059705 -0.0088269 -0.0142305 -0.0125952 -0.0060764 -0.0069948 -0.0055878 -0.0010909 -0.0016781 -0.0064259 -0.0010002 -0.0023759 -0.0036193 -0.0076066 0.0072465 -0.0019615 -0.0045153 -0.0059186 -0.0057448 -0.0053440 -0.0027412 -0.0049383 -0.0036083 0.0012446 -0.0078689 -0.0024126 -0.0059495 -0.0054232 -0.0003801 -0.0053704 -0.0081822 -0.0082522 -0.0004485 0.0135614 -0.0061945 -0.0033946 -0.0050512 -0.0062859 -0.0050627 -0.0045970 -0.0085493 -0.0094774 -0.0058798 -0.0050330 -0.0057368 -0.0069136 -0.0063985 0.0132550 -0.0081957 -0.0048345 -0.0047274 -0.0002366 -0.0035246 -0.0007478 -0.0059214 -0.0045377 -0.0004715 -0.0044474 -0.0052701 -0.0041045 -0.0039486 -0.0025070 -0.0027010 -0.0060390 -0.0018035 -0.0034186 0.0136295 -0.0022275 -0.0065683 -0.0072225 0.0056048 -0.0097853 -0.0068958 -0.0046743 -0.0070973 -0.0065379 0.0013733 -0.0063031 -0.0025459 -0.0010787 -0.0028252 -0.0033992 0.0002065 -0.0007399 -0.0047191 -0.0028022 -0.0005978 -0.0057984 -0.0012439 -0.0048084 -0.0053130 -0.0025637 -0.0041875 -0.0068565 -0.0037058 -0.0058743 -0.0026003 -0.0103693 -0.0005246 -0.0054572 -0.0113099 -0.0064413 -0.0000490 -0.0069521 -0.0043146 -0.0062564 -0.0058859 -0.0044102 -0.0075532 -0.0065963 -0.0080949 0.0005508 -0.0016047 -0.0003373 -0.0045727 -0.0006021 -0.0051422 -0.0012871 -0.0058589 -0.0102125 -0.0022542 -0.0018946 0.0000728 -0.0120807 -0.0056782 -0.0052955 -0.0091852 0.0031612 -0.0018554 -0.0112394 -0.0073416 -0.0011526 -0.0060174 -0.0085364 -0.0053999 -0.0022273 -0.0030060 -0.0015600 -0.0041095 -0.0013457 0.0011225 -0.0051209 -0.0016677 -0.0087989 -0.0038720 -0.0087576 -0.0083267 -0.0054351 -0.0025107 -0.0056374 -0.0037264 -0.0043165 -0.0021921 -0.0008929 -0.0074384 -0.0012532 0.0012807 -0.0097937 -0.0096195 -0.0060793 -0.0062315 0.0138124 -0.0009674 -0.0070408 -0.0028975 -0.0046497 -0.0042421 -0.0068533 -0.0051407 -0.0042574 -0.0034583 -0.0022217 -0.0027118 -0.0028541 -0.0057972 -0.0042654 -0.0044745 -0.0080312 -0.0048388 -0.0097469 -0.0062009 0.0000480 -0.0130786 -0.0022607 -0.0086102 -0.0000301 -0.0062309 -0.0067465 -0.0015934 0.0002139 -0.0016011 -0.0038667 0.0120256 -0.0063736 0.0007810 -0.0064046 -0.0060825 -0.0047674 -0.0072255 -0.0032474 -0.0051479 -0.0081088 -0.0081033 -0.0098646 -0.0097710 -0.0039563 -0.0022823 -0.0051753 -0.0039743 -0.0032960 -0.0016834 -0.0060822 -0.0080179 -0.0043803 -0.0057111 -0.0027739
-0.0042350 -0.0033399 -0.0059705 1.1359264 -0.0012275 -0.0061221 -0.0046512 -0.0042798 -0.0026086 -0.0043684 0.0023944 -0.0082517 -0.0050082 -0.0050843 -0.0038394 -0.0000480 -0.0067900 -0.0016454 -0.0012572 -0.0007462 -0.0016640 -0.0028027 -0.0010961 -0.0009880 -0.0043890 -0.0021566 -0.0049390 -0.0066075 -0.0048238 -0.0089072 0.0012005 0.0008677 0.0028543 -0.0035234 0.0006877 -0.0057826 -0.0319405 -0.0059064 -0.0043434 -0.0060118 -0.0027509 -0.0033748 0.0006954 -0.0036148 0.0000988 -0.0071608 -0.0028846 -0.0052955 -0.0062069 -0.0003048 -0.0324820 -0.0026481 -0.0020433 -0.0070045 -0.0013198 -0.0073124 -0.0020789 -0.0045308 -0.0053022 -0.0062554 -0.0034174 0.0007269 -0.0030934 -0.0007762 0.0010483 0.0010703 -0.0019431 -0.0008024 0.0000619 -0.0325719 -0.0058309 -0.0029579 -0.0040084 0.0065766 -0.0018242 -0.0095473 -0.0077874 -0.0034074 -0.0061356 0.0006857 -0.0053769 -0.0072286 0.0006428 -0.0059326 0.0104500 0.0006368 -0.0083155 0.0016289 -0.0058580 -0.0060096 -0.0041762 -0.0021001 -0.0018929 -0.0047665 -0.0057301 -0.0026539 -0.0108938 0.0002410 0.0077597 -0.0029617 -0.0036490 -0.0065138 -0.0026697 -0.0028000 -0.0079140 -0.0047330 -0.0070252 -0.0017170 -0.0020818 -0.0011619 -0.0060296 0.0014849 -0.0052746 -0.0058556 -0.0038902 -0.0026788 -0.0021967 -0.0055996 -0.0005507 -0.0032791 -0.0047310 0.0026742 -0.0103749 -0.0070318 -0.0045509 -0.0048764 -0.0100686 -0.0015642 -0.0118005 -0.0026975 -0.0051576 -0.0107455 -0.0051980 0.0075486 -0.0031013 -0.0098093 -0.0068698 -0.0011382 -0.0032861 -0.0058646 0.0002814 -0.0062412 -0.0016424 0.0000515 -0.0040707 -0.0050084 -0.0017586 -0.0032404 0.0004155 -0.0062961 0.0078238 -0.0060578 -0.0028709 -0.0065404 -0.0038294 -0.0025587 -0.0013957 -0.0052238 0.0025546 -0.0075784 -0.0050960 -0.0025180 -0.0065282 -0.0036802 0.0006751 -0.0026673 0.0012600 -0.0030520 -0.0038012 -0.0019842 -0.0034706 -0.0089190 0.0013605 -0.0072687 -0.0046892 -0.0060711 -0.0034531 -0.0022817 -0.0006737 -0.0076190 -0.0034139 -0.0036952 0.0039311 -0.0069951 -0.0073536 0.0004794 -0.0045382 -0.0069752 -0.0032985 -0.0043256 -0.0068813 -0.0012606 -0.0033107 -0.0040726 -0.0008915 -0.0054610 -0.0037661 -0.0070970 -0.0009030 -0.0078864 0.0010750 -0.0033179 -0.0024888 -0.0044204 -0.0023853 -0.0060314 -0.0085371 -0.0063544 -0.0029602 -0.0038201 -0.0021939 0.0035945 0.0014783 0.0051859 -0.0049929 -0.0008584 -0.0003215 0.0010800 -0.0044944
-0.0042132 0.0108069 -0.0088269 -0.0012275 1.1445526 -0.0065139 -0.0066463 0.0028031 -0.0019128 -0.0046708 -0.0105624 -0.0003172 0.0070474 -0.0078602 -0.0093216 -0.0054572 -0.0092451 0.0023460 -0.0039634 -0.0025593 0.0068825 -0.0041919 -0.0108792 0.0010192 -0.0062549 -0.0002747 -0.0101723 -0.0110614 -0.0052051 -0.0064911 -0.0050420 -0.0014870 -0.0026388 -0.0069684 -0.0022543 -0.0084792 0.0019454 0.0054863 -0.0047162 -0.0061315 0.0039671 -0.0057013 -0.0032402 -0.0110633 -0.0016985 -0.0066584 -0.0099897 -0.0071461 -0.0054556 -0.0061099 0.0008215 0.0005520 -0.0067965 0.0031894 -0.0027256 -0.0016454 -0.0021791 -0.0056645 -0.0086906 0.0037188 -0.0013628 -0.0075796 -0.0057231 -0.0023724 -0.0023106 -0.0024667 -0.0061110 -0.0000278 -0.0007269 0.0018094 -0.0074381 0.0027063 -0.0057434 -0.0059379 -0.0087817 0.0001236 -0.0021996 -0.0040713 0.0010152 -0.0009644 -0.0029736 -0.0023600 -0.0054026 0.0066081 -0.0026723 -0.0061956 0.0038342 -0.0016678 0.0000383 -0.0022277 -0.0048306 -0.0085662 -0.0047395 -0.0030961 0.0062804 -0.0087067 -0.0082899 -0.0060581 -0.0076335 -0.0055500 0.0058559 -0.0075821 -0.0057484 -0.0105893 -0.0023398 -0.0022723 -0.0043718 -0.0054398 -0.0047663 -0.0049291 -0.0026406 -0.0056938 -0.0077607 0.0029552 -0.0047259 0.0001968 -0.0040877 -0.0044050 -0.0076313 -0.0049845 -0.0096859 -0.0068264 -0.0048564 -0.0073967 -0.0020534 0.0008004 -0.0026485 0.0003124 -0.0019648 -0.0033946 -0.0119119 -0.0119538 0.0027074 0.0068432 0.0015766 -0.0071841 0.0003351 -0.0067611 -0.0042671 -0.0007338 -0.0067844 -0.0024997 -0.0075622 -0.0089523 -0.0041708 -0.0093440 -0.0055766 -0.0064342 -0.0026145 -0.0069582 0.0012582 -0.0053534 -0.0041151 -0.0054437 -0.0043771 0.0006899 -0.0081323 -0.0020779 -0.0006813 -0.0102793 -0.0066191 -0.0062335 -0.0072705 -0.0041208 -0.0032434 -0.0028536 -0.0051267 -0.0050361 0.0021954 -0.0029674 -0.0028862 -0.0055689 0.0006958 -0.0015349 -0.0051468 0.0008135 -0.0046552 -0.0026592 -0.0081670 -0.0021348 0.0026457 -0.0049245 0.0041117 -0.0026260 -0.0069760 -0.0048815 -0.0074094 -0.0046986 -0.0042293 -0.0035308 -0.0021667 0.0016692 -0.0035974 0.0001396 -0.0093297 -0.0051853 -0.0042672 0.0001015 -0.0070908 -0.0026209 -0.0006140 -0.0053159 -0.0010681 -0.0039518 0.0007247 -0.0087402 -0.0079254 -0.0085963 -0.0021010 -0.0020846 -0.0026109 -0.0053924 -0.0055598 -0.0020148 -0.0059216 0.0037284 -0.0052567 -0.0059120 -0.0033037
-0.0057735 -0.0055683 -0.0142305 -0.0061221 -0.0065139 1.1496974 -0.0042096 -0.0041892 0.0007400 -0.0086006 -0.0036763 -0.0061110 -0.0059229 -0.0092318 -0.0008054 -0.0013698 0.0028861 -0.0035649 -0.0059186 -0.0045421 0.0003800 -0.0091944 -0.0073207 -0.0067302 -0.0047140 -0.0002669 -0.0115968 0.0128605 -0.0087285 -0.0070914 -0.0006166 0.0012432 0.0005245 -0.0012319 -0.0045512 -0.0003080 -0.0232457 -0.0103342 -0.0040440 -0.0045403 -0.0072778 -0.0021706 -0.0045279 -0.0051527 0.0026280 -0.0059312 0.0010901 -0.0079119 -0.0017378 -0.0014666 -0.0228193 -0.0049047 0.0045126 -0.0039079 -0.0023196 -0.0069845 -0.0028753 -0.0006946 -0.0009675 -0.0035145 -0.0101840 -0.0012591 -0.0022629 -0.0075393 -0.0034721 -0.0024058 -0.0089596 -0.0048423 -0.0027925 -0.0226345 -0.0050350 0.0015479 0.0076431 -0.0000683 0.0044219 -0.0073417 -0.0022282 -0.0143866 -0.0068000 -0.0045832 -0.0055062 0.0046188 -0.0057065 -0.0104697 -0.0046389 -0.0043251 -0.0107846 -0.0054504 0.0109983 -0.0019779 -0.0058943 -0.0046150 -0.0070634 -0.0025247 -0.0053050 -0.0043963 -0.0063830 0.0054862 -0.0099016 -0.0110459 -0.0039907 -0.0043274 -0.0088132 -0.0027041 -0.0083556 -0.0070249 0.0058542 -0.0047244 -0.0017680 -0.0053421 -0.0067306 -0.0063254 0.0058347 -0.0019077 -0.0070485 -0.0060641 -0.0042043 0.0033863 -0.0006632 0.0045236 -0.0027048 -0.0067327 -0.0037509 -0.0126689 -0.0105257 0.0096017 0.0182776 -0.0069103 -0.0124381 -0.0064281 -0.0065673 0.0090212 -0.0073954 -0.0039345 -0.0062405 0.0087711 0.0078465 -0.0017187 -0.0051626 -0.0062179 0.0020605 -0.0048879 -0.0017469 -0.0029455 -0.0067923 -0.0050959 0.0085345 -0.0060645 0.0027403 -0.0086247 -0.0027419 -0.0102608 -0.0004081 -0.0008147 -0.0072529 -0.0090453 -0.0039710 -0.0134584 -0.0040498 -0.0092340 -0.0076791 0.0132346 0.0106823 -0.0027238 -0.0091408 -0.0045186 0.0030835 -0.0083152 -0.0118144 -0.0114053 -0.0081254 0.0000941 -0.0019375 0.0016353 -0.0033801 -0.0100270 -0.0096631 -0.0073518 -0.0008577 -0.0092623 -0.0054638 -0.0014446 -0.0077097 -0.0016816 -0.0061295 0.0017702 -0.0026239 0.0006415 -0.0007225 -0.0060649 -0.0004616 -0.0009913 -0.0075699 0.0014639 -0.0059722 -0.0050327 -0.0122848 -0.0058893 0.0088979 -0.0063711 -0.0007897 -0.0075528 -0.0051034 -0.0064190 -0.0049041 0.0067483 0.0000531 0.0054541 -0.0063670 -0.0096333 -0.0035410 0.0046030 -0.0036137 -0.0060585 -0.0044866 -0.0099802 -0.0084121 -0.0020190 -0.0046758
-0.0068439 -0.0081528 -0.0125952 -0.0046512 -0.0066463 -0.0042096 1.1408334 -0.0080011 0.0111020 -0.0045044 -0.0033845 -0.0012913 -0.0089398 -0.0051760 -0.0004250 -0.0063618 -0.0035070 -0.0062835 -0.0058193 -0.0033099 -0.0025149 -0.0106561 -0.0007789 -0.0081419 -0.0027283 -0.0099518 -0.0082782 0.0006086 -0.0022241 -0.0089541 -0.0012928 -0.0045109 -0.0006263 0.0268196 -0.0061062 -0.0044370 -0.0323987 -0.0012698 -0.0031690 -0.0034046 -0.0041004 -0.0066886 -0.0055626 0.0003075 -0.0017464 0.0114332 -0.0061446 -0.0068567 0.0280197 -0.0030142 -0.0325730 -0.0028831 -0.0010658 0.0000540 -0.0021149 -0.0022561 0.0019030 -0.0010901 -0.0081389 -0.0065927 -0.0036408 -0.0055508 0.0022347 -0.0028168 -0.0008315 0.0007312 -0.0091457 -0.0062805 0.0004040 -0.0325324 -0.0011620 -0.0049139 -0.0045856 -0.0005177 -0.0085479 -0.0073425 -0.0058334 -0.0066556 -0.0056426 -0.0073652 -0.0060852 -0.0106552 -0.0022240 -0.0049195 -0.0055577 -0.0010954 -0.0051182 -0.0032453 -0.0077809 -0.0065071 -0.0035250 -0.0039089 -0.0040492 0.0098776 -0.0096712 -0.0044560 0.0212152 -0.0093372 -0.0077295 -0.0096381 -0.0080160 -0.0051992 -0.0049486 -0.0041220 -0.0055737 -0.0057837 -0.0021709 -0.0015512 -0.0064888 -0.0046441 -0.0017839 0.0078158 -0.0076662 -0.0033248 -0.0035470 -0.0016527 -0.0027435 -0.0066910 0.0027477 -0.0047593 -0.0068554 -0.0035021 -0.0058982 -0.0037807 -0.0012616 -0.0073372 -0.0046703 -0.0099083 -0.0090254 -0.0020071 -0.0095474 -0.0001577 -0.0100634 -0.0023324 -0.0095260 0.0008732 -0.0021061 -0.0000699 -0.0031698 -0.0069412 -0.0065682 -0.0066867 -0.0018198 -0.0040817 -0.0084581 -0.0010187 -0.0093912 -0.0042653 0.0103116 -0.0042091 0.0006648 -0.0002422 0.0085357 -0.0034039 0.0029666 -0.0071084 -0.0056457 -0.0031108 -0.0062052 -0.0015324 -0.0043252 -0.0029587 -0.0060097 -0.0063785 -0.0041550 -0.0056315 -0.0034511 -0.0039694 -0.0043881 -0.0102936 -0.0042086 -0.0006757 -0.0045003 0.0070766 0.0000158 -0.0080142 -0.0030956 -0.0050290 -0.0016953 -0.0003466 0.0026401 -0.0064568 0.0002619 -0.0131073 -0.0076812 -0.0044285 -0.0028358 -0.0014219 -0.0039607 -0.0060699 0.0198552 -0.0057208 -0.0090865 -0.0068613 -0.0070458 -0.0083786 0.0036658 0.0005124 -0.0022836 -0.0062509 -0.0103597 -0.0028346 -0.0046318 0.0028978 -0.0049724 -0.0084941 0.0207871 -0.0084258 -0.0018916 -0.0047284 -0.0045904 -0.0041285 -0.0043586 -0.0029204 0.0062740 -0.0043328 -0.0065075 0.0041540 -0.0031547
-0.0020855 0.0021678 -0.0060764 -0.0042798 0.0028031 -0.0041892 -0.0080011 1.1248606 -0.0047479 -0.0011227 -0.0066790 0.0008350 -0.0052738 0.0010128 -0.0081022 -0.0046615 -0.0154963 -0.0064223 -0.0020817 -0.0081964 0.0042376 -0.0063666 -0.0064597 -0.0030621 -0.0017870 -0.0050465 -0.0092571 -0.0103644 -0.0125889 -0.0038434 -0.0023156 -0.0028578 -0.0073819 -0.0062681 -0.0074359 -0.0090691 -0.0286193 -0.0009687 -0.0030839 -0.0079063 -0.0074612 0.0017328 -0.0009482 -0.0064958 -0.0040824 -0.0058899 -0.0053348 -0.0096435 -0.0062129 -0.0048706 -0.0276732 -0.0050159 -0.0013102 -0.0057186 -0.0011878 -0.0002120 -0.0031087 -0.0059036 -0.0050754 -0.0017594 0.0053090 -0.0026866 -0.0032520 -0.0037505 -0.0012793 -0.0009482 -0.0004597 -0.0012610 -0.0064665 -0.0287943 -0.0079477 -0.0046530 -0.0067159 -0.0054563 0.0074203 -0.0069516 -0.0016880 -0.0070190 -0.0047011 -0.0039609 -0.0051214 0.0139121 0.0020916 -0.0053341 -0.0023379 -0.0058353 -0.0018758 -0.0031925 -0.0036115 -0.0055549 -0.0016185 -0.0054893 -0.0076877 -0.0042616 -0.0052562 -0.0039001 -0.0137481 -0.0065922 0.0097947 0.0004944 -0.0032605 -0.0045275 -0.0021821 0.0047456 -0.0046066 -0.0033505 -0.0020403 0.0006184 -0.0035312 -0.0014656 0.0106597 -0.0042020 0.0099335 -0.0044948 0.0004784 -0.0057470 -0.0015763 -0.0032191 -0.0051599 -0.0043969 -0.0058359 -0.0052682 -0.0066896 0.0089834 -0.0026639 -0.0040566 -0.0013905 -0.0049467 -0.0020618 -0.0004323 -0.0074955 -0.0076040 -0.0056479 0.0064535 -0.0029108 -0.0043159 -0.0049397 -0.0034126 -0.0022565 -0.0038077 -0.0035868 0.0001946 -0.0029056 -0.0041697 0.0022269 -0.0047489 0.0119366 0.0069634 -0.0069197 0.0076555 -0.0054018 0.0009539 0.0037801 -0.0009314 -0.0011828 0.0065203 -0.0036413 -0.0033142 -0.0038570 -0.0001516 0.0066322 -0.0074669 -0.0050753 -0.0039545 -0.0040034 0.0000337 -0.0058799 -0.0018092 -0.0080930 0.0074688 0.0006254 -0.0062462 -0.0055171 -0.0037628 -0.0040093 -0.0070873 -0.0007007 -0.0057980 -0.0031398 -0.0098632 -0.0042425 -0.0011826 -0.0012611 0.0026814 -0.0074433 -0.0135249 -0.0003574 0.0020780 0.0038979 -0.0093411 -0.0063424 -0.0044629 -0.0008287 -0.0048130 0.0062148 -0.0059274 0.0001548 -0.0074598 -0.0076784 -0.0048348 -0.0022506 -0.0013494 0.0012120 -0.0051995 -0.0057832 0.0086605 -0.0054578 0.0108482 -0.0027928 -0.0033364 -0.0018390 -0.0030638 -0.0009414 -0.0053880 -0.0070634 -0.0044520 -0.0061434 -0.0040879 -0.0027193
-0.0135739 -0.0062975 -0.0069948 -0.0026086 -0.0019128 0.0007400 0.0111020 -0.0047479 1.1582904 -0.0049666 -0.0037074 -0.0020606 -0.0035719 -0.0027837 -0.0011930 -0.0049416 -0.0115967 0.0001694 -0.0035194 -0.0088751 -0.0082811 -0.0050140 -0.0037761 -0.0096339 -0.0041524 -0.0044329 -0.0149972 -0.0022547 -0.0103560 -0.0082533 -0.0017929 -0.0049238 -0.0042615 0.0137322 -0.0102032 -0.0052476 -0.0175125 -0.0034342 -0.0054319 -0.0120887 -0.0036826 -0.0093837 -0.0050672 -0.0077646 -0.0020659 -0.0069170 -0.0042098 -0.0063037 0.0182482 0.0004444 -0.0182454 -0.0035992 -0.0025182 -0.0028039 -0.0014275 -0.0031456 -0.0009344 -0.0050646 -0.0096870 0.0042386 -0.0077584 -0.0013015 0.0040705 -0.0006831 -0.0040984 0.0017554 -0.0071940 -0.0048198 0.0020963 -0.0199118 -0.0061464 -0.0043327 -0.0088303 -0.0029100 -0.0072714 -0.0131892 -0.0029999 -0.0081312 -0.0048460 -0.0054367 -0.0047041 -0.0067769 -0.0033333 -0.0030711 -0.0012780 -0.0051528 -0.0075740 -0.0074169 -0.0084651 -0.0021194 -0.0059880 -0.0059045 -0.0075487 0.0064679 -0.0045763 -0.0056597 0.0007653 0.0000414 -0.0133861 -0.0089978 -0.0029961 -0.0117475 -0.0055617 -0.0077219 -0.0052564 -0.0087981 -0.0074925 -0.0060186 -0.0023476 -0.0066219 -0.0079385 -0.0036366 -0.0075474 -0.0018889 -0.0057072 0.0001267 -0.0044998 -0.0044300 0.0000278 -0.0026092 -0.0077631 -0.0052193 -0.0072566 -0.0110402 -0.0045576 -0.0054106 -0.0087555 0.0009198 -0.0088173 -0.0036339 -0.0071003 -0.0069539 -0.0013198 -0.0059916 -0.0029136 -0.0090839 -0.0048719 -0.0072524 -0.0066148 -0.0066772 -0.0005687 -0.0010704 -0.0025189 -0.0068109 -0.0058658 -0.0076360 -0.0045873 -0.0061836 0.0103915 -0.0095547 -0.0018546 -0.0001033 0.0119543 -0.0026929 0.0028238 -0.0061461 -0.0038862 -0.0105711 -0.0081361 -0.0120472 -0.0086438 -0.0022936 -0.0044704 -0.0072589 -0.0043999 -0.0000967 -0.0076223 -0.0055270 -0.0004993 0.0001203 -0.0021519 -0.0032237 0.0138758 0.0190897 -0.0081430 -0.0098151 -0.0076324 -0.0007855 -0.0034967 -0.0060825 -0.0048511 -0.0043463 -0.0031619 -0.0089478 -0.0058465 -0.0011748 -0.0039293 -0.0032553 -0.0041916 0.0265686 0.0105520 -0.0057463 -0.0066642 -0.0061650 -0.0080069 -0.0063477 -0.0067712 0.0234116 -0.0010808 -0.0036543 -0.0065058 -0.0005055 -0.0043421 -0.0049238 -0.0044391 -0.0072136 0.0102124 -0.0090008 -0.0001486 0.0074234 -0.0059657 -0.0008791 -0.0017928 -0.0041031 -0.0008020 -0.0072351 -0.0043336 -0.0020205 -0.0017517
-0.0082455 -0.0073166 -0.0055878 -0.0043684 -0.0046708 -0.0086006 -0.0045044 -0.0011227 -0.0049666 1.1503960 -0.0013607 0.0016936 -0.0039516 -0.0043987 -0.0054405 -0.0016839 -0.0050361 -0.0059951 -0.0036345 -0.0056315 -0.0048689 -0.0033348 -0.0038004 -0.0057403 -0.0051605 -0.0100531 0.0023813 -0.0061714 -0.0059856 0.0152996 -0.0011667 -0.0070531 -0.0052337 -0.0033560 -0.0097302 -0.0088016 0.0023176 -0.0032592 0.0084619 -0.0088162 0.0034432 -0.0008452 -0.0024183 -0.0095973 -0.0067142 -0.0010219 -0.0021334 -0.0080042 -0.0052931 -0.0059372 0.0000860 0.0024112 -0.0009480 -0.0051979 0.0024355 -0.0026611 -0.0027915 -0.0055508 -0.0011953 -0.0054087 -0.0027953 0.0011265 -0.0042252 0.0039228 -0.0024668 -0.0036203 -0.0066946 -0.0003497 -0.0053692 0.0028445 -0.0031549 -0.0024330 0.0001650 0.0036655 -0.0095632 -0.0078493 -0.0040756 -0.0021186 -0.0068387 -0.0019970 -0.0039296 -0.0045266 0.0134805 -0.0103050 -0.0035842 -0.0080148 -0.0011903 -0.0051694 -0.0069317 -0.0028420 -0.0029586 0.0033380 0.0009440 -0.0016558 -0.0018864 -0.0001586 -0.0051444 0.0016911 0.0000228 -0.0043640 -0.0054975 -0.0042313 -0.0024103 -0.0086099 -0.0053551 -0.0064590 -0.0028331 -0.0051901 -0.0048721 -0.0014323 -0.0068268 0.0089663 -0.0080131 -0.0068020 -0.0046239 -0.0038297 -0.0033737 -0.0035158 -0.0031517 -0.0088463 -0.0123528 -0.0031094 -0.0093018 -0.0031864 -0.0020740 -0.0034454 -0.0073666 -0.0087369 -0.0014007 -0.0049257 0.0130646 -0.0120346 0.0015166 -0.0047147 -0.0028126 -0.0056262 -0.0054231 -0.0109002 -0.0094472 0.0015650 -0.0046243 -0.0019883 -0.0064253 -0.0089483 -0.0045372 -0.0060352 -0.0096598 -0.0040688 -0.0048511 -0.0043990 -0.0043768 -0.0019081 -0.0054516 -0.0078457 -0.0035861 -0.0049599 -0.0088244 -0.0057560 -0.0020083 -0.0096457 -0.0053744 0.0014969 -0.0081953 -0.0026472 -0.0073175 -0.0043174 -0.0085215 -0.0057282 -0.0049148 -0.0077982 -0.0006629 -0.0051934 -0.0040007 -0.0012831 -0.0063341 -0.0053854 -0.0115785 0.0014521 -0.0062007 -0.0058432 -0.0087459 -0.0031631 -0.0089464 -0.0087571 -0.0080838 -0.0015362 -0.0022930 -0.0053190 -0.0022985 -0.0033268 -0.0074323 -0.0047798 -0.0019898 0.0028385 0.0240152 -0.0070381 -0.0069994 -0.0073400 -0.0039239 -0.0054993 0.0174321 -0.0025829 0.0007324 -0.0054830 -0.0030980 -0.0065446 -0.0086247 -0.0108120 -0.0066721 -0.0048853 0.0011722 0.0015220 -0.0031757 -0.0057048 -0.0040714 -0.0068081 -0.0036753 -0.0045495 0.0113256
-0.0079894 -0.0006760 -0.0010909 0.0023944 -0.0105624 -0.0036763 -0.0033845 -0.0066790 -0.0037074 -0.0013607 1.1384940 0.0026243 -0.0050670 -0.0079776 0.0078198 -0.0033917 -0.0078090 -0.0062801 -0.0018516 -0.0065794 -0.0045952 -0.0074750 -0.0014214 -0.0097004 -0.0045639 -0.0023113 -0.0040202 0.0138377 -0.0057721 -0.0054621 -0.0023634 -0.0000249 -0.0001561 0.0041585 -0.0065390 0.0029605 -0.0208430 -0.0080737 0.0009229 -0.0032551 -0.0025116 -0.0051251 -0.0033340 0.0100104 -0.0075134 -0.0025257 0.0035741 -0.0095489 -0.0026088 -0.0044223 -0.0212219 -0.0078540 -0.0006074 -0.0013453 0.0048194 -0.0034783 -0.0039255 -0.0016272 -0.0068420 -0.0081050 -0.0054352 0.0015845 0.0010212 -0.0038394 -0.0030646 0.0009106 -0.0067747 -0.0049562 -0.0023133 -0.0204477 -0.0071543 -0.0054822 0.0011990 0.0001343 -0.0043855 -0.0068148 -0.0048812 -0.0105056 -0.0049214 0.0021396 0.0014151 -0.0089502 -0.0009297 -0.0113424 -0.0042837 -0.0018523 -0.0070665 -0.0022985 -0.0044236 -0.0001875 -0.0030088 0.0058864 -0.0021433 -0.0017626 0.0043061 -0.0018645 0.0014430 0.0066163 -0.0064542 -0.0102294 -0.0072506 0.0156718 -0.0060310 -0.0041014 -0.0099696 0.0002757 -0.0032426 -0.0104226 -0.0093796 -0.0033421 -0.0029826 0.0025987 -0.0060530 -0.0045770 -0.0022846 -0.0026186 -0.0075595 0.0003524 -0.0006785 -0.0066148 0.0072199 -0.0052564 -0.0084926 -0.0071271 -0.0012547 -0.0052884 -0.0119801 -0.0061467 -0.0125549 -0.0044396 0.0019397 0.0034125 -0.0007817 0.0000380 -0.0055855 -0.0010539 -0.0050874 0.0008435 -0.0041593 -0.0053250 0.0058402 -0.0037602 -0.0021314 0.0003033 -0.0039607 0.0007313 -0.0055052 -0.0018092 -0.0013294 -0.0077111 -0.0041243 -0.0053486 -0.0002703 -0.0011581 -0.0048924 -0.0084451 -0.0027046 -0.0052256 -0.0066810 -0.0027191 -0.0064769 -0.0016328 -0.0026893 -0.0085471 -0.0041503 -0.0029089 -0.0036385 -0.0038929 -0.0055882 -0.0020893 -0.0046921 -0.0039985 -0.0047232 -0.0025571 -0.0029188 -0.0045960 -0.0027928 -0.0065971 0.0014195 -0.0069207 -0.0032752 -0.0094580 -0.0014263 -0.0059469 -0.0046708 -0.0046033 0.0004315 -0.0070289 -0.0021927 0.0055975 -0.0064360 -0.0052410 -0.0062436 -0.0130068 0.0059614 -0.0042171 -0.0036459 0.0011808 -0.0058431 -0.0108843 -0.0014367 -0.0086777 -0.0056241 -0.0041145 -0.0046055 -0.0064523 -0.0041227 -0.0091197 -0.0030783 -0.0104185 -0.0024674 -0.0026768 -0.0028660 0.0008486 -0.0067516 0.0009884 -0.0049954 0.0020393 -0.0014387
-0.0032413 -0.0015831 -0.0016781 -0.0082517 -0.0003172 -0.0061110 -0.0012913 0.0008350 -0.0020606 0.0016936 0.0026243 1.1388474 -0.0044413 -0.0055765 -0.0032433 0.0028835 -0.0086905 -0.0024992 -0.0001140 -0.0060083 -0.0033168 -0.0020694 -0.0052483 -0.0060231 -0.0071588 -0.0029204 -0.0060538 -0.0019995 -0.0051891 -0.0023857 -0.0040230 -0.0028506 -0.0009375 0.0003021 -0.0024068 -0.0101661 -0.0047623 -0.0069953 -0.0004997 -0.0051290 -0.0059417 -0.0021455 -0.0034664 -0.0002564 -0.0087782 -0.0053186 -0.0000660 -0.0030814 -0.0015770 -0.0022789 -0.0051465 -0.0010249 -0.0071829 -0.0020891 0.0022141 -0.0035418 -0.0028779 -0.0022521 -0.0042700 -0.0003682 -0.0062040 -0.0033676 -0.0016521 -0.0033583 -0.0019700 0.0008350 -0.0043185 -0.0011744 -0.0044781 -0.0033032 -0.0004343 -0.0046202 -0.0033625 -0.0023413 -0.0044634 -0.0056417 -0.0029966 -0.0090472 -0.0077995 -0.0005035 -0.0061730 -0.0029290 0.0018367 -0.0005971 -0.0029680 -0.0061115 -0.0039751 0.0016320 -0.0056938 -0.0017822 -0.0056046 -0.0053059 -0.0041964 -0.0026434 0.0003648 -0.0061515 -0.0020831 -0.0047959 -0.0033577 0.0012828 -0.0074406 -0.0014074 -0.0065217 -0.0028822 -0.0031294 -0.0079455 -0.0036937 -0.0093741 -0.0082644 -0.0034677 -0.0034236 -0.0002384 -0.0045686 -0.0061242 -0.0059180 -0.0024225 -0.0041906 -0.0037409 -0.0000361 -0.0028665 -0.0022504 -0.0022176 0.0022905 -0.0049828 -0.0044227 -0.0065645 -0.0037319 -0.0061739 -0.0055679 -0.0089144 -0.0022262 -0.0080724 -0.0062623 -0.0038115 -0.0035963 -0.0063677 -0.0077125 -0.0015443 -0.0057571 -0.0025727 -0.0016341 -0.0044474 -0.0055355 -0.0064634 -0.0036379 0.0003099 -0.0055217 -0.0053237 -0.0001838 -0.0034680 -0.0057335 0.0002528 -0.0018423 -0.0070463 -0.0029539 -0.0046994 -0.0055200 -0.0020814 -0.0055520 -0.0105701 -0.0056971 -0.0099394 -0.0062127 0.0005017 -0.0037036 0.0038724 -0.0040775 0.0002860 -0.0065821 -0.0030899 0.0017684 0.0037064 -0.0076810 -0.0035272 -0.0047814 -0.0028171 -0.0062262 -0.0028811 -0.0029350 -0.0038893 -0.0027041 -0.0028484 -0.0015474 -0.0082459 -0.0015798 -0.0061591 -0.0048286 -0.0038278 -0.0032218 -0.0057759 -0.0038440 -0.0055545 0.0002541 -0.0023519 -0.0011200 -0.0047231 -0.0058181 0.0023930 -0.0019381 -0.0039667 0.0040757 -0.0019723 -0.0034733 -0.0055857 -0.0058045 -0.0044766 -0.0038234 -0.0044855 -0.0046142 -0.0029360 -0.0028856 -0.0029711 -0.0057823 -0.0010589 -0.0009857 -0.0040508 -0.0059689 -0.0010942 0.0017212
-0.0066012 0.0096603 -0.0064259 -0.0050082 0.0070474 -0.0059229 -0.0089398 -0.0052738 -0.0035719 -0.0039516 -0.0050670 -0.0044413 1.1457889 -0.0070322 -0.0053055 -0.0054492 -0.0103980 0.0019596 -0.0003663 0.0000763 -0.0012989 -0.0005429 -0.0045655 -0.0053671 -0.0031882 0.0013979 -0.0090185 -0.0089935 -0.0079002 -0.0050029 -0.0023075 -0.0038353 -0.0032362 -0.0075192 -0.0018099 -0.0100480 -0.0083459 -0.0061265 -0.0090951 0.0074096 0.0063122 -0.0054040 -0.0056678 -0.0023048 -0.0051667 -0.0081550 -0.0028081 -0.0079701 -0.0035296 -0.0027560 -0.0104534 -0.0031801 -0.0052848 0.0088508 -0.0014818 -0.0021622 -0.0013918 -0.0031648 -0.0047021 -0.0054495 0.0020500 -0.0072101 -0.0025007 -0.0020309 -0.0027559 0.0008635 -0.0039347 -0.0036251 -0.0058465 -0.0078857 -0.0058217 -0.0015917 -0.0068229 -0.0037364 -0.0055630 -0.0000596 -0.0048145 -0.0066458 -0.0033500 -0.0018101 -0.0082660 -0.0069344 -0.0044784 0.0083064 -0.0022612 -0.0056061 -0.0042740 -0.0050086 -0.0120857 -0.0046367 -0.0011219 -0.0070405 -0.0038101 -0.0009857 0.0043614 -0.0026003 -0.0102391 -0.0069339 -0.0050361 -0.0077424 0.0120588 -0.0080017 -0.0058434 -0.0044555 -0.0073712 -0.0002852 -0.0054423 -0.0010993 -0.0049887 -0.0002245 -0.0073171 -0.0065528 -0.0058242 0.0112156 -0.0030717 -0.0023133 -0.0053151 -0.0050693 -0.0069517 -0.0050841 -0.0075424 -0.0036474 -0.0067320 -0.0076480 0.0008911 0.0098588 -0.0109058 0.0162989 -0.0072693 -0.0031817 -0.0009243 -0.0097149 -0.0067748 0.0009550 0.0136067 -0.0059659 -0.0075886 -0.0064963 -0.0040578 0.0040551 -0.0094602 0.0035311 -0.0013313 -0.0037715 -0.0050270 -0.0065590 -0.0067755 -0.0051801 -0.0057474 -0.0061365 -0.0032860 -0.0000169 -0.0021480 -0.0099719 -0.0032003 -0.0057140 -0.0051860 0.0037660 -0.0007031 -0.0033913 -0.0046095 -0.0059198 -0.0087991 -0.0036883 -0.0065104 -0.0022864 0.0035068 -0.0041231 0.0029108 -0.0037157 0.0000306 -0.0068294 -0.0024108 0.0032246 -0.0071130 -0.0058093 -0.0088352 0.0038406 0.0029112 -0.0040314 -0.0012550 -0.0079418 -0.0077458 -0.0054003 -0.0035830 -0.0020797 -0.0018286 -0.0013598 -0.0056170 -0.0051129 -0.0059085 -0.0020445 -0.0023620 -0.0034171 -0.0058866 -0.0058615 -0.0033667 -0.0035595 -0.0024241 -0.0110303 -0.0053254 -0.0036053 -0.0029158 -0.0069171 -0.0015735 -0.0044316 -0.0075315 -0.0058796 -0.0023155 -0.0044365 -0.0026242 -0.0046717 -0.0038709 -0.0034000 -0.0019030 -0.0023852 -0.0016866 -0.0049199 -0.0025299
0.0144966 -0.0080138 -0.0010002 -0.0050843 -0.0078602 -0.0092318 -0.0051760 0.0010128 -0.0027837 -0.0043987 -0.0079776 -0.0055765 -0.0070322 1.1134957 0.0002941 -0.0049658 -0.0056573 -0.0030532 -0.0004048 -0.0060626 -0.0021943 -0.0003266 -0.0039280 -0.0034769 -0.0010332 -0.0043514 -0.0017563 -0.0113227 -0.0045550 -0.0094702 -0.0004541 -0.0029984 -0.0034236 -0.0065935 -0.0064170 0.0050743 -0.0400593 -0.0038455 -0.0019049 -0.0025695 -0.0086394 -0.0044009 -0.0075568 -0.0044005 -0.0019052 -0.0032588 -0.0052376 -0.0035688 -0.0080393 -0.0044788 -0.0397288 -0.0054528 0.0007115 -0.0080412 -0.0022428 -0.0015840 -0.0008834 0.0005257 -0.0041293 -0.0057589 0.0027860 0.0051310 -0.0055010 -0.0028882 -0.0003245 0.0005212 0.0005231 -0.0022499 -0.0030704 -0.0408159 0.0006465 -0.0029017 -0.0037794 -0.0026819 -0.0009238 -0.0021448 -0.0065219 -0.0042952 -0.0008340 -0.0053557 -0.0044305 -0.0068155 -0.0049693 -0.0075912 -0.0014774 -0.0005889 -0.0029388 -0.0003460 0.0056980 -0.0043522 -0.0038720 -0.0000359 -0.0063434 -0.0003013 -0.0114829 0.0005229 -0.0105347 -0.0021176 -0.0055183 -0.0001259 -0.0049668 -0.0020849 -0.0016189 -0.0070341 -0.0064409 0.0008704 0.0004728 0.0117630 -0.0070695 0.0004718 -0.0029486 -0.0043935 0.0014599 -0.0049737 0.0359728 -0.0043777 -0.0023963 0.0045137 -0.0029258 -0.0097290 -0.0087229 -0.0060774 -0.0035171 -0.0036430 -0.0087391 0.0033210 -0.0056601 -0.0127078 -0.0060510 -0.0086434 -0.0079786 -0.0012543 -0.0032314 -0.0029183 0.0200977 -0.0075688 -0.0035197 0.0103298 0.0082845 -0.0000634 -0.0039978 -0.0004437 0.0005846 -0.0032643 -0.0030278 -0.0021569 -0.0083616 -0.0041199 -0.0031914 -0.0032681 -0.0002621 0.0047555 -0.0042607 0.0060891 -0.0032410 -0.0041519 0.0026868 -0.0042479 -0.0040120 0.0053655 -0.0036901 -0.0013231 -0.0000378 -0.0029559 -0.0031030 -0.0032525 -0.0028953 -0.0014099 -0.0002822 -0.0012013 -0.0030123 -0.0049245 -0.0010329 -0.0072134 -0.0041710 -0.0014002 0.0004210 0.0036449 -0.0033104 -0.0040938 -0.0047633 -0.0007462 -0.0047038 -0.0039431 -0.0012304 -0.0097203 -0.0008910 -0.0023660 -0.0009017 -0.0082642 0.0039599 0.0021088 -0.0063805 0.0073216 -0.0081667 -0.0030690 -0.0062527 -0.0078466 -0.0082752 -0.0085921 -0.0074995 -0.0055411 -0.0011766 -0.0071987 -0.0035192 0.0001919 -0.0026185 -0.0002788 -0.0017878 -0.0042153 -0.0014458 -0.0039714 -0.0013321 0.0008939 -0.0033939 -0.0036068 -0.0055282 -0.0026883 -0.0009868
0.0024694 -0.0060646 -0.0023759 -0.0038394 -0.0093216 -0.0008054 -0.0004250 -0.0081022 -0.0011930 -0.0054405 0.0078198 -0.0032433 -0.0053055 0.0002941 1.1360377 0.0013635 -0.0033225 0.0027230 0.0004638 -0.0041511 -0.0060218 0.0015877 -0.0076338 -0.0056364 -0.0058490 -0.0072840 -0.0053966 0.0048220 -0.0109891 -0.0094531 -0.0051894 0.0026441 -0.0038666 0.0056006 -0.0113743 -0.0005645 -0.0242647 -0.0040140 -0.0042339 -0.0108108 -0.0040427 -0.0044339 -0.0035566 0.0009945 -0.0068383 -0.0088558 0.0028943 -0.0095688 -0.0013538 -0.0075020 -0.0223230 -0.0052588 0.0038593 -0.0050018 0.0000492 -0.0023740 -0.0042789 -0.0010985 -0.0055248 -0.0075972 -0.0052738 0.0034539 -0.0005036 -0.0045300 -0.0046479 0.0052932 0.0053261 -0.0026100 0.0114071 -0.0243137 -0.0073809 -0.0056680 -0.0018470 0.0083182 -0.0036915 -0.0067541 -0.0035836 -0.0092130 -0.0045763 0.0020499 -0.0078732 -0.0065114 -0.0053456 -0.0041373 -0.0029058 -0.0025249 -0.0024703 -0.0081819 -0.0054368 -0.0058021 -0.0037743 0.0057706 -0.0062696 -0.0005600 -0.0024896 -0.0034177 -0.0033848 0.0103965 -0.0108149 -0.0059873 -0.0080949 0.0026076 -0.0001941 -0.0071026 -0.0032756 -0.0025767 -0.0033537 -0.0071635 -0.0047833 -0.0021407 -0.0064727 -0.0031638 -0.0025895 -0.0051919 -0.0002041 -0.0043140 0.0006604 -0.0033018 0.0009624 -0.0036997 0.0005193 -0.0021321 -0.0083599 -0.0094917 -0.0057116 -0.0046834 -0.0039912 -0.0128619 0.0003750 -0.0064745 -0.0054817 -0.0030831 -0.0102205 0.0002822 -0.0078406 -0.0021292 0.0009282 -0.0006676 -0.0005232 -0.0034755 0.0063101 -0.0050669 -0.0001488 -0.0016541 -0.0023909 -0.0027936 -0.0083697 -0.0045038 0.0020541 -0.0077052 -0.0035364 -0.0037751 -0.0012795 -0.0029482 0.0029382 -0.0050091 -0.0031865 -0.0071106 -0.0041224 0.0011866 -0.0074781 -0.0034561 -0.0035318 -0.0038033 -0.0017175 -0.0025573 -0.0054067 -0.0011716 -0.0074763 -0.0064506 -0.0077935 -0.0071281 -0.0102029 -0.0007106 -0.0031287 0.0001074 -0.0017444 -0.0027444 0.0013448 -0.0058280 -0.0035097 -0.0064902 -0.0049916 -0.0107866 -0.0034472 0.0098438 -0.0042389 0.0007696 -0.0011138 0.0023281 -0.0032501 -0.0018019 -0.0063123 -0.0106763 -0.0041878 -0.0013291 -0.0045095 -0.0009325 -0.0017672 -0.0011663 -0.0074959 -0.0004473 -0.0027202 -0.0061156 -0.0014992 -0.0021320 0.0053102 -0.0050897 -0.0035640 -0.0085117 -0.0033932 -0.0028519 -0.0037125 -0.0006048 -0.0035046 -0.0056425 -0.0020940 0.0024070 -0.0056571
-0.0100610 -0.0054604 -0.0036193 -0.0000480 -0.0054572 -0.0013698 -0.0063618 -0.0046615 -0.0049416 -0.0016839 -0.0033917 0.0028835 -0.0054492 -0.0049658 0.0013635 1.1259363 -0.0030819 -0.0036712 -0.0023232 -0.0017212 -0.0044128 -0.0027225 -0.0038162 -0.0026744 -0.0013389 -0.0046315 -0.0038812 0.0032221 -0.0042881 -0.0052745 -0.0059750 0.0015808 -0.0103765 0.0003626 0.0056764 -0.0052721 -0.0257143 0.0003676 0.0066618 -0.0094263 -0.0082251 -0.0034081 -0.0032071 0.0033799 -0.0035466 -0.0057820 0.0013832 -0.0067903 -0.0058580 -0.0061226 -0.0269294 -0.0014214 -0.0040564 -0.0066166 0.0055695 -0.0030652 -0.0034056 -0.0070476 -0.0085075 -0.0046402 -0.0055395 0.0009015 -0.0008392 0.0077818 -0.0026215 -0.0018159 -0.0009278 -0.0011343 -0.0029378 -0.0259981 0.0012183 -0.0018288 -0.0075849 -0.0002233 -0.0042835 0.0004989 -0.0030693 -0.0060352 -0.0020735 0.0051996 -0.0068411 -0.0065177 -0.0028894 -0.0041498 0.0005998 -0.0057140 -0.0027061 -0.0045451 -0.0048038 -0.0012349 -0.0014504 0.0004182 -0.0052571 0.0009672 -0.0025688 -0.0038483 -0.0082258 -0.0012815 -0.0059803 0.0001804 -0.0070004 -0.0037805 -0.0078087 -0.0079551 -0.0055662 -0.0065156 -0.0026521 -0.0052202 -0.0071104 -0.0065210 -0.0041038 -0.0020909 -0.0057404 -0.0042510 -0.0058890 -0.0013627 -0.0038451 -0.0015796 -0.0009476 0.0003801 -0.0004632 0.0150097 -0.0070821 -0.0041390 0.0001251 -0.0063484 0.0000299 -0.0093434 -0.0015520 -0.0069603 -0.0052084 0.0089704 0.0076727 -0.0011151 -0.0044662 -0.0019019 -0.0032649 -0.0080831 -0.0029987 -0.0053497 0.0017016 -0.0034379 -0.0030766 -0.0004316 -0.0035384 -0.0026377 -0.0054089 -0.0046693 -0.0055210 -0.0061432 -0.0034209 -0.0063898 -0.0050573 -0.0057984 -0.0062826 -0.0051799 -0.0078233 0.0031529 -0.0046078 0.0005087 -0.0065147 -0.0095796 -0.0018080 -0.0029523 -0.0000605 -0.0028117 -0.0037954 -0.0036200 -0.0055876 -0.0029747 0.0014380 -0.0014078 -0.0023027 -0.0038118 -0.0019381 -0.0024569 0.0087679 -0.0036296 -0.0031187 -0.0069501 -0.0048844 -0.0069604 0.0051200 -0.0099133 -0.0048477 0.0004045 -0.0054427 -0.0046888 -0.0042114 0.0005805 -0.0032792 -0.0036789 -0.0045934 -0.0033157 -0.0072692 -0.0023745 -0.0079785 -0.0065965 -0.0011744 -0.0013377 -0.0065392 -0.0060176 -0.0054007 -0.0052731 -0.0020766 -0.0046745 -0.0049692 -0.0061063 -0.0073422 -0.0041718 -0.0055106 -0.0033659 -0.0024679 0.0024619 -0.0020250 0.0082270 -0.0027764 0.0014017 -0.0041217
