1.1606693 -0.0066466 -0.0009556 -0.0059408 -0.0031583 -0.0065355 -0.0078415 0.0000537 -0.0138171 -0.0083852 -0.0077686 -0.0043691 -0.0059049 0.0154839 0.0016758 -0.0104936 0.0023168 -0.0055570 -0.0039518 -0.0090865 -0.0046037 -0.0029032 -0.0053003 -0.0042295 -0.0057740 -0.0029603 -0.0018729 -0.0088449 -0.0027546 -0.0081187 -0.0036906 0.0012662 -0.0054722 -0.0102391 -0.0067862 0.0080087 0.0234407 -0.0079429 -0.0019249 -0.0003801 -0.0066408 -0.0020764 -0.0054425 -0.0020719 -0.0065073 -0.0035396 -0.0039674 -0.0004680 -0.0061365 -0.0072681 0.0213976 -0.0081776 -0.0038345 -0.0078243 -0.0053375 -0.0032515 -0.0038781 -0.0014321 -0.0065252 0.0000021 0.0001031 -0.0113051 -0.0087526 -0.0088890 -0.0032312 -0.0037401 -0.0001143 -0.0043337 0.0012246 0.0229258 -0.0003081 -0.0056662 -0.0094921 -0.0087224 0.0003999 -0.0052198 -0.0044058 -0.0033544 -0.0086152 -0.0073295 -0.0058482 0.0065010 -0.0070728 -0.0054060 -0.0057907 -0.0089183 -0.0036138 -0.0026199 -0.0024957 -0.0099836 -0.0043089 -0.0060068 0.0047035 -0.0067463 -0.0097009 -0.0046696 -0.0122426 -0.0035872 -0.0021688 0.0021721 -0.0076619 -0.0088542 0.0012455 -0.0042758 -0.0048949 0.0008385 -0.0042571 -0.0076060 -0.0028605 -0.0035384 0.0008236 -0.0065965 0.0001984 -0.0056989 0.0117570 -0.0020933 -0.0039088 -0.0009872 -0.0038883 -0.0107927 -0.0068084 -0.0081539 -0.0051478 -0.0047300 -0.0131498 -0.0072886 0.0016057 -0.0085280 -0.0050383 -0.0011820 -0.0023169 -0.0023346 0.0010152 -0.0026980 -0.0018540 -0.0040773 -0.0061100 0.0132361 0.0062596 -0.0063469 -0.0076018 -0.0002689 -0.0049677 -0.0009586 -0.0044314 -0.0026862 0.0002445 -0.0016073 -0.0029848 -0.0017212 -0.0047203 0.0010411 -0.0050639 0.0071448 -0.0032178 -0.0003633 0.0065578 -0.0091586 -0.0080228 0.0073599 -0.0033976 -0.0054046 -0.0090226 -0.0049806 -0.0017522 0.0027217 -0.0037105 -0.0079082 -0.0045510 -0.0055746 -0.0055605 -0.0088183 -0.0039054 -0.0106519 -0.0036017 -0.0075635 -0.0020189 -0.0077812 0.0005846 -0.0045817 -0.0063226 -0.0048267 -0.0068978 -0.0021124 -0.0009496 -0.0084497 -0.0016264 0.0005117 0.0014424 -0.0090943 -0.0093072 -0.0042144 0.0051762 -0.0115482 -0.0074278 -0.0032906 -0.0047628 -0.0096679 -0.0060361 -0.0124390 -0.0066029 -0.0075394 0.0010961 -0.0052107 -0.0082929 0.0020617 -0.0077051 0.0008666 -0.0036016 -0.0033684 -0.0027152 -0.0031996 -0.0026424 -0.0027106 -0.0050366 -0.0059489 -0.0023413 -0.0057836 -0.0043277
-0.0066466 1.1368918 -0.0057369 -0.0036517 0.0106831 -0.0063792 -0.0089166 0.0011284 -0.0045614 -0.0077498 0.0002211 -0.0020738 0.0120853 -0.0085496 -0.0063358 -0.0074451 -0.0104395 -0.0071196 0.0002266 -0.0059821 0.0052638 -0.0047282 -0.0035320 -0.0064830 -0.0047293 -0.0022643 -0.0061657 -0.0088967 -0.0050156 -0.0072264 -0.0004882 -0.0026959 -0.0006295 -0.0103321 -0.0068922 -0.0081594 -0.0077503 -0.0026394 -0.0027087 0.0099961 0.0263876 -0.0076852 -0.0061147 -0.0020287 -0.0000641 -0.0041719 -0.0058955 -0.0073371 -0.0008225 -0.0061565 -0.0092448 -0.0024947 -0.0039801 0.0120360 -0.0047625 -0.0033476 -0.0045525 -0.0072814 -0.0055467 -0.0016477 -0.0031058 -0.0038697 -0.0056670 -0.0071156 -0.0009098 -0.0034707 -0.0053548 -0.0028618 -0.0023131 -0.0084348 -0.0047653 -0.0031830 -0.0033505 -0.0013472 -0.0050780 -0.0058769 -0.0025990 -0.0030617 0.0029648 -0.0025853 -0.0026400 -0.0073075 -0.0030542 0.0094735 -0.0047140 -0.0075943 -0.0017787 -0.0048433 -0.0021367 -0.0036202 -0.0034225 -0.0048551 -0.0050790 -0.0030732 0.0113170 -0.0040453 -0.0110308 -0.0038925 -0.0063018 -0.0017723 0.0076340 -0.0065464 -0.0064063 -0.0059395 -0.0014125 -0.0021887 -0.0046116 -0.0029835 -0.0031060 -0.0031935 -0.0068179 -0.0063267 -0.0065022 0.0204764 -0.0035804 -0.0024609 -0.0017273 -0.0027771 -0.0063904 -0.0058631 -0.0024767 -0.0027265 -0.0081510 -0.0075422 -0.0010064 0.0087802 -0.0088951 0.0128388 -0.0050813 -0.0032761 -0.0034035 -0.0106021 -0.0055930 0.0012174 0.0053099 -0.0074903 -0.0068073 -0.0046110 -0.0039297 0.0054726 -0.0045378 -0.0015943 -0.0017127 -0.0023243 -0.0053802 -0.0054385 -0.0018412 -0.0026195 -0.0021175 -0.0034184 -0.0029381 -0.0042235 0.0021999 -0.0038733 -0.0019168 -0.0035304 -0.0003960 0.0068921 -0.0072505 -0.0089786 -0.0043817 -0.0066736 -0.0063825 -0.0030826 -0.0055189 -0.0060492 0.0003398 0.0020318 -0.0020322 -0.0048772 0.0013978 -0.0038921 -0.0062109 -0.0081990 -0.0051596 -0.0048844 -0.0106679 -0.0007976 -0.0050377 -0.0056790 -0.0040771 -0.0058342 -0.0069937 -0.0071689 -0.0054283 0.0003664 -0.0045549 -0.0075210 -0.0040480 -0.0058240 -0.0086470 -0.0018766 -0.0075934 -0.0077476 -0.0038276 -0.0086977 -0.0054895 -0.0013083 -0.0087922 -0.0081780 -0.0039240 -0.0076345 -0.0025969 -0.0055058 -0.0006499 -0.0055581 -0.0079289 -0.0046884 -0.0042523 0.0018369 -0.0041446 -0.0057731 -0.0042530 0.0004770 -0.0045075 0.0015374 -0.0035666 -0.0044561 -0.0051920
-0.0009556 -0.0057369 1.1474960 -0.0060933 -0.0079790 -0.0130023 -0.0120045 -0.0051409 -0.0063954 -0.0053611 -0.0010742 -0.0007942 -0.0061835 0.0006351 -0.0020035 -0.0026209 -0.0079688 0.0088305 -0.0006882 -0.0049356 -0.0068880 -0.0038653 -0.0047641 0.0002180 -0.0038134 -0.0032690 0.0020018 -0.0059778 -0.0023784 -0.0057606 -0.0044543 0.0001517 -0.0058550 -0.0081510 -0.0076515 0.0017440 -0.0031238 -0.0051369 -0.0026395 -0.0052948 -0.0064331 -0.0049806 -0.0042583 -0.0054564 -0.0091392 -0.0050595 -0.0046574 -0.0069907 -0.0078712 -0.0066690 -0.0029289 -0.0089990 -0.0042107 -0.0051072 0.0000773 -0.0029786 0.0005406 -0.0046848 -0.0047525 -0.0007560 -0.0036293 -0.0059259 -0.0031562 -0.0035260 -0.0019566 -0.0015066 -0.0037854 0.0001827 -0.0008713 -0.0036662 -0.0012649 -0.0056870 -0.0062302 0.0053070 -0.0079425 -0.0086048 -0.0033493 -0.0056210 -0.0051178 0.0010563 -0.0051107 -0.0025357 -0.0006391 -0.0025866 -0.0019122 0.0002103 -0.0002739 -0.0032283 -0.0012804 -0.0005652 -0.0043193 0.0000328 -0.0045365 -0.0044608 -0.0027672 -0.0040255 -0.0063471 -0.0043442 -0.0036178 -0.0022506 -0.0092239 -0.0003646 -0.0048251 -0.0099764 -0.0078311 0.0012911 -0.0055421 -0.0036072 -0.0037144 -0.0062775 -0.0045572 -0.0067316 -0.0041260 -0.0076797 0.0005382 -0.0001046 0.0002881 -0.0032228 -0.0002095 -0.0065176 -0.0013178 -0.0059984 -0.0091742 -0.0020289 -0.0016544 -0.0010595 -0.0114740 -0.0070812 -0.0037394 -0.0102395 0.0021438 -0.0001691 -0.0109286 -0.0072216 -0.0001805 -0.0051450 -0.0086223 -0.0036985 -0.0004911 -0.0025544 -0.0020205 -0.0052031 0.0000766 0.0025485 -0.0039182 -0.0014569 -0.0067523 -0.0018148 -0.0078776 -0.0057230 -0.0046508 -0.0023479 -0.0050587 -0.0029909 -0.0036018 -0.0030586 0.0007328 -0.0065597 -0.0014926 0.0044206 -0.0082891 -0.0105393 -0.0059288 -0.0054281 0.0165427 -0.0006341 -0.0053298 -0.0016648 -0.0049648 -0.0025173 -0.0078501 -0.0057563 -0.0049376 -0.0038050 -0.0022834 -0.0013895 -0.0017331 -0.0055520 -0.0026440 -0.0048001 -0.0076685 -0.0042347 -0.0093849 -0.0070767 -0.0000354 -0.0124878 -0.0010195 -0.0077331 0.0000783 -0.0055747 -0.0051060 -0.0012204 0.0000064 -0.0027127 -0.0037073 0.0135348 -0.0052340 -0.0009793 -0.0067059 -0.0073730 -0.0052029 -0.0071233 -0.0002575 -0.0043431 -0.0071290 -0.0062232 -0.0084510 -0.0067155 -0.0030682 -0.0019472 -0.0033893 -0.0040396 -0.0027119 -0.0018136 -0.0037570 -0.0082747 -0.0029750 -0.0049315 -0.0023249
-0.0059408 -0.0036517 -0.0060933 1.1214579 -0.0011164 -0.0059877 -0.0037245 -0.0073150 -0.0018718 -0.0030343 0.0034313 -0.0079777 -0.0044503 -0.0052451 -0.0032149 0.0005318 -0.0042868 -0.0003868 -0.0019529 0.0001211 -0.0012105 -0.0020378 -0.0005498 0.0003127 -0.0043719 -0.0015501 -0.0062823 -0.0082887 -0.0038345 -0.0089237 0.0020498 0.0006568 0.0036845 -0.0029801 0.0019937 -0.0054629 -0.0479718 -0.0062512 -0.0051024 -0.0060196 -0.0019475 -0.0043934 0.0003431 -0.0027180 0.0006523 -0.0072096 -0.0034125 -0.0042160 -0.0051543 0.0011792 -0.0477478 -0.0037942 -0.0005145 -0.0064021 -0.0004823 -0.0066466 -0.0022214 -0.0048103 -0.0032678 -0.0053947 -0.0041749 0.0017976 -0.0031406 0.0001219 0.0022403 0.0014245 -0.0005851 -0.0000092 0.0016195 -0.0488253 -0.0046401 -0.0014958 -0.0036913 0.0072121 -0.0043926 -0.0096350 -0.0065651 -0.0049947 -0.0061649 0.0034164 -0.0048500 -0.0115525 0.0013789 -0.0050848 0.0128873 0.0022637 -0.0071473 0.0016599 -0.0043287 -0.0054780 -0.0034607 -0.0019036 -0.0005868 -0.0025988 -0.0051824 -0.0038200 -0.0080260 0.0003592 0.0056762 -0.0016382 -0.0017588 -0.0052439 -0.0013691 -0.0030858 -0.0070985 -0.0036797 -0.0049301 0.0005406 -0.0012745 -0.0000219 -0.0066525 0.0016671 -0.0080280 -0.0056648 -0.0032306 0.0002214 -0.0012119 -0.0046542 0.0005630 -0.0026357 -0.0046471 0.0025749 -0.0072843 -0.0070129 -0.0029046 -0.0044315 -0.0106180 0.0003064 -0.0107747 0.0003436 -0.0052214 -0.0104841 -0.0041886 0.0070826 -0.0035892 -0.0100710 -0.0053392 -0.0004154 -0.0025774 -0.0031424 0.0007835 -0.0042922 -0.0003524 0.0014860 -0.0054617 -0.0052935 -0.0049048 -0.0051598 0.0002200 -0.0087065 0.0091007 -0.0071099 -0.0031845 -0.0051447 -0.0024172 -0.0038015 -0.0000301 -0.0052871 0.0034619 -0.0092989 -0.0067883 -0.0024082 -0.0058816 -0.0035329 0.0020059 -0.0022553 0.0019441 -0.0032824 -0.0045894 -0.0028169 -0.0022481 -0.0084532 0.0025767 -0.0045412 -0.0038635 -0.0051075 -0.0041589 -0.0018315 -0.0005390 -0.0059165 -0.0030297 -0.0039673 0.0061871 -0.0067469 -0.0060913 0.0018889 -0.0045234 -0.0085992 -0.0033956 -0.0030169 -0.0060544 -0.0013908 -0.0044382 -0.0030999 0.0002108 -0.0033815 -0.0051470 -0.0058099 -0.0011746 -0.0075796 0.0019193 -0.0014678 -0.0035093 -0.0040899 -0.0025372 -0.0076920 -0.0072726 -0.0088603 -0.0016433 -0.0045405 -0.0015919 0.0037398 0.0011150 0.0045853 -0.0042971 0.0013362 -0.0004188 0.0026263 -0.0030928
-0.0031583 0.0106831 -0.0079790 -0.0011164 1.1358013 -0.0067088 -0.0068349 0.0015064 -0.0004185 -0.0048268 -0.0108381 0.0004814 0.0072810 -0.0078799 -0.0087472 -0.0044403 -0.0089982 0.0016569 -0.0046556 -0.0032806 0.0038952 -0.0058207 -0.0100563 0.0016175 -0.0067892 -0.0011712 -0.0103476 -0.0091730 -0.0048089 -0.0068408 -0.0050728 -0.0011455 -0.0025179 -0.0076654 -0.0007567 -0.0089830 0.0086250 0.0071094 -0.0049447 -0.0058637 0.0041413 -0.0050865 -0.0036966 -0.0103935 -0.0031675 -0.0059512 -0.0097816 -0.0063728 -0.0049888 -0.0053670 0.0068838 0.0018009 -0.0071683 0.0030565 -0.0029950 -0.0018210 -0.0025225 -0.0061995 -0.0083612 0.0039857 -0.0004048 -0.0081074 -0.0056637 -0.0023961 -0.0024965 -0.0017769 -0.0051617 0.0005232 -0.0014843 0.0089133 -0.0071003 0.0037516 -0.0053305 -0.0061903 -0.0066464 0.0011385 -0.0021888 -0.0042627 0.0020060 -0.0019783 -0.0027270 -0.0021941 -0.0045108 0.0086143 -0.0027459 -0.0055779 0.0034182 -0.0018806 -0.0023420 -0.0018218 -0.0041667 -0.0081898 -0.0044624 -0.0023037 0.0072767 -0.0088269 -0.0079817 -0.0057096 -0.0084690 -0.0057646 0.0048058 -0.0066892 -0.0052257 -0.0096031 -0.0023266 -0.0028018 -0.0048783 -0.0049447 -0.0043801 -0.0054052 -0.0010635 -0.0053432 -0.0062174 0.0042697 -0.0046203 0.0004423 -0.0033868 -0.0053621 -0.0060273 -0.0056508 -0.0098331 -0.0058713 -0.0057594 -0.0075043 -0.0016310 0.0015728 -0.0041071 0.0019911 -0.0004038 -0.0022176 -0.0116590 -0.0119025 0.0026538 0.0048115 0.0029156 -0.0053933 -0.0011269 -0.0070780 -0.0051974 0.0007068 -0.0065568 -0.0022796 -0.0067443 -0.0101259 -0.0037053 -0.0100307 -0.0044261 -0.0051772 -0.0024094 -0.0086588 0.0010172 -0.0062606 -0.0033000 -0.0057070 -0.0032220 -0.0007661 -0.0080600 -0.0010542 -0.0003443 -0.0106841 -0.0065971 -0.0064056 -0.0080039 -0.0049532 -0.0034111 -0.0019733 -0.0043370 -0.0053465 0.0027740 -0.0028294 -0.0012438 -0.0048421 0.0005805 -0.0012580 -0.0049811 -0.0013132 -0.0036976 -0.0022014 -0.0077464 -0.0020178 0.0033734 -0.0040793 0.0025797 -0.0013120 -0.0079764 -0.0045164 -0.0063996 -0.0053865 -0.0027943 -0.0037868 -0.0030715 0.0004573 -0.0033089 0.0018132 -0.0091862 -0.0052657 -0.0045252 -0.0004055 -0.0075526 -0.0049031 -0.0011770 -0.0044732 -0.0005020 -0.0029410 0.0017923 -0.0066692 -0.0074619 -0.0059826 -0.0026509 -0.0013979 -0.0029390 -0.0052454 -0.0043520 -0.0019519 -0.0050920 0.0028450 -0.0041401 -0.0057660 -0.0042342
-0.0065355 -0.0063792 -0.0130023 -0.0059877 -0.0067088 1.1373879 -0.0027681 -0.0050712 -0.0009423 -0.0078051 -0.0030747 -0.0074482 -0.0057059 -0.0077805 0.0014017 -0.0014748 0.0049131 -0.0024958 -0.0069529 -0.0041211 -0.0004082 -0.0093109 -0.0067734 -0.0070504 -0.0052151 -0.0015444 -0.0119395 0.0157912 -0.0091147 -0.0084508 -0.0008626 0.0024939 0.0018524 -0.0017859 -0.0065646 0.0012904 -0.0183862 -0.0106144 -0.0037805 -0.0053139 -0.0072793 -0.0017183 -0.0038547 -0.0073106 0.0033591 -0.0067332 0.0011642 -0.0076071 -0.0016461 -0.0010298 -0.0184609 -0.0046625 0.0070455 -0.0051062 -0.0013499 -0.0071339 -0.0029751 -0.0011948 -0.0000232 -0.0039968 -0.0108790 0.0002354 -0.0010835 -0.0067585 -0.0027298 -0.0019779 -0.0078365 -0.0038667 -0.0019001 -0.0182283 -0.0051570 0.0027316 0.0087811 0.0002172 0.0025498 -0.0076632 -0.0003768 -0.0148433 -0.0060150 -0.0057298 -0.0048057 0.0022124 -0.0046816 -0.0108032 -0.0042034 -0.0040130 -0.0107430 -0.0060714 0.0082554 -0.0015720 -0.0050024 -0.0050518 -0.0063212 -0.0006688 -0.0054713 -0.0039098 -0.0053232 0.0069263 -0.0104073 -0.0101315 -0.0046291 -0.0054550 -0.0093080 -0.0032768 -0.0077769 -0.0062648 0.0078885 -0.0039056 -0.0036060 -0.0054796 -0.0070056 -0.0064106 0.0032346 -0.0029731 -0.0065323 -0.0061623 -0.0030739 0.0027462 0.0009013 0.0064648 -0.0015950 -0.0057942 -0.0037685 -0.0127805 -0.0093552 0.0112406 0.0212049 -0.0067178 -0.0107403 -0.0058023 -0.0052561 0.0107766 -0.0082213 -0.0043468 -0.0059881 0.0098897 0.0101935 -0.0019443 -0.0054630 -0.0048708 0.0022056 -0.0046942 -0.0021163 -0.0034574 -0.0071054 -0.0043339 0.0058119 -0.0078468 0.0028174 -0.0103642 -0.0030860 -0.0108125 -0.0018097 -0.0013300 -0.0083343 -0.0096052 -0.0055723 -0.0135743 -0.0039998 -0.0097312 -0.0076271 0.0154850 0.0112686 -0.0019915 -0.0083409 -0.0037373 0.0025949 -0.0074215 -0.0120024 -0.0114393 -0.0072095 -0.0005487 -0.0023304 0.0045025 -0.0041303 -0.0093798 -0.0091776 -0.0073469 -0.0000080 -0.0097748 -0.0039264 -0.0013529 -0.0084552 -0.0018016 -0.0043020 0.0053691 -0.0020876 0.0003770 -0.0014184 -0.0044641 -0.0005697 -0.0003327 -0.0083436 0.0014098 -0.0042424 -0.0039464 -0.0123092 -0.0061575 0.0105188 -0.0044052 -0.0008828 -0.0062676 -0.0058262 -0.0066598 -0.0043210 0.0047742 0.0010021 0.0017072 -0.0074462 -0.0112303 -0.0032200 0.0034135 -0.0037406 -0.0046651 -0.0019019 -0.0083580 -0.0085465 -0.0020099 -0.0034910
-0.0078415 -0.0089166 -0.0120045 -0.0037245 -0.0068349 -0.0027681 1.1354135 -0.0085802 0.0139613 -0.0042858 -0.0020589 -0.0027403 -0.0079314 -0.0059796 -0.0001091 -0.0055049 -0.0034051 -0.0049793 -0.0063399 -0.0045496 -0.0034311 -0.0096467 -0.0004370 -0.0082755 -0.0030537 -0.0092514 -0.0087510 0.0010426 -0.0030423 -0.0098143 -0.0020993 -0.0041664 -0.0007286 0.0307632 -0.0060556 -0.0032313 -0.0343953 -0.0033831 -0.0034607 -0.0037210 -0.0051765 -0.0081069 -0.0060816 0.0010644 -0.0003761 0.0110872 -0.0058975 -0.0072403 0.0305967 -0.0016037 -0.0343793 -0.0033173 -0.0002273 0.0014954 -0.0021655 -0.0019113 0.0012926 -0.0013753 -0.0079497 -0.0067035 -0.0046204 -0.0031562 0.0022150 -0.0015489 0.0002128 0.0011206 -0.0093105 -0.0062847 0.0009631 -0.0348606 -0.0005010 -0.0042765 -0.0045027 0.0001519 -0.0097455 -0.0074339 -0.0047075 -0.0056627 -0.0067305 -0.0072035 -0.0061839 -0.0140634 -0.0030191 -0.0053133 -0.0045471 -0.0015576 -0.0043592 -0.0035655 -0.0059234 -0.0059832 -0.0036390 -0.0027553 -0.0040286 0.0120314 -0.0089976 -0.0033556 0.0211211 -0.0084777 -0.0078960 -0.0092830 -0.0080174 -0.0057367 -0.0047619 -0.0030685 -0.0054671 -0.0063622 -0.0021731 -0.0022493 -0.0068508 -0.0042700 -0.0022450 0.0071829 -0.0108606 -0.0034875 -0.0047626 -0.0028513 -0.0032913 -0.0055877 0.0034664 -0.0039071 -0.0055822 -0.0023944 -0.0053197 -0.0061516 0.0004858 -0.0052734 -0.0034092 -0.0114149 -0.0085658 -0.0009243 -0.0096233 0.0004131 -0.0099174 -0.0030445 -0.0086073 0.0000141 -0.0009064 -0.0003736 -0.0034348 -0.0056174 -0.0044101 -0.0057274 -0.0015214 -0.0024793 -0.0086770 -0.0005240 -0.0116831 -0.0059702 0.0101702 -0.0057613 0.0010988 -0.0001628 0.0090362 -0.0037541 0.0041222 -0.0084110 -0.0054805 -0.0032841 -0.0049547 -0.0014876 -0.0060225 -0.0031971 -0.0031817 -0.0061559 -0.0057998 -0.0060398 -0.0017348 -0.0019163 -0.0045310 -0.0107180 -0.0048956 0.0008636 -0.0032289 0.0098582 -0.0001679 -0.0054768 -0.0024234 -0.0036326 -0.0017061 -0.0017615 0.0043628 -0.0063368 0.0000338 -0.0136994 -0.0069306 -0.0036854 -0.0035437 -0.0024701 -0.0054539 -0.0048339 0.0225164 -0.0049381 -0.0090615 -0.0061597 -0.0062360 -0.0073753 0.0059446 0.0014166 -0.0017414 -0.0052391 -0.0100395 -0.0029525 -0.0048576 0.0020155 -0.0054586 -0.0104362 0.0216826 -0.0125998 -0.0023370 -0.0042446 -0.0048977 -0.0044096 -0.0041629 -0.0024501 0.0069237 -0.0033580 -0.0067898 0.0061932 -0.0020359
0.0000537 0.0011284 -0.0051409 -0.0073150 0.0015064 -0.0050712 -0.0085802 1.1233798 -0.0069492 -0.0027992 -0.0077249 -0.0000554 -0.0063049 -0.0001260 -0.0085219 -0.0048117 -0.0147516 -0.0072589 -0.0024724 -0.0080511 0.0038413 -0.0070002 -0.0080344 -0.0045507 -0.0053076 -0.0047397 -0.0091237 -0.0109421 -0.0126575 -0.0033586 -0.0044087 -0.0057993 -0.0072190 -0.0059921 -0.0061853 -0.0106944 0.0476035 0.0005124 -0.0021356 -0.0059219 -0.0066107 0.0022940 0.0001477 -0.0075256 -0.0055815 -0.0084546 -0.0077289 -0.0094736 -0.0069262 -0.0063266 0.0446374 -0.0063501 -0.0032038 -0.0060248 -0.0024638 -0.0006854 -0.0040284 -0.0052119 -0.0044193 -0.0027607 0.0076081 -0.0038429 -0.0049323 -0.0040180 -0.0051426 -0.0034956 -0.0005997 -0.0033553 -0.0065843 0.0481204 -0.0086504 -0.0083979 -0.0089372 -0.0076112 0.0072287 -0.0063690 -0.0031149 -0.0051140 -0.0051138 -0.0054188 -0.0053433 0.0217065 -0.0023756 -0.0054657 -0.0058249 -0.0079614 -0.0009856 -0.0041785 -0.0060186 -0.0074158 -0.0032070 -0.0071810 -0.0072914 -0.0064555 -0.0055695 -0.0034127 -0.0142749 -0.0077751 0.0125035 0.0016472 -0.0033043 -0.0055660 -0.0042899 0.0080630 -0.0055807 -0.0046592 -0.0035955 -0.0012332 -0.0041976 -0.0018669 0.0130596 -0.0060677 0.0102903 -0.0058524 -0.0011836 -0.0089629 -0.0010605 -0.0058423 -0.0063857 -0.0053424 -0.0071291 -0.0057317 -0.0071001 0.0116288 -0.0053133 -0.0054736 -0.0015334 -0.0032825 -0.0025949 -0.0011357 -0.0063966 -0.0105592 -0.0055070 0.0059134 -0.0025853 -0.0030899 -0.0069995 -0.0032806 -0.0045223 -0.0040974 -0.0057565 -0.0013169 -0.0059303 -0.0047748 0.0034627 -0.0064415 0.0184102 0.0076532 -0.0092974 0.0100014 -0.0056038 -0.0009672 0.0022309 -0.0027354 -0.0043396 0.0076682 -0.0047946 -0.0050783 -0.0046538 -0.0008380 0.0082307 -0.0077507 -0.0073362 -0.0042816 -0.0064423 0.0010212 -0.0065663 -0.0038981 -0.0091804 0.0087942 0.0002010 -0.0052189 -0.0074115 -0.0070453 -0.0047278 -0.0071236 -0.0024946 -0.0050321 -0.0048101 -0.0090400 -0.0043643 -0.0022992 -0.0021007 0.0050289 -0.0073384 -0.0139504 -0.0005418 0.0033100 0.0052016 -0.0104682 -0.0093552 -0.0076289 0.0016715 -0.0062666 0.0055170 -0.0053078 0.0015918 -0.0045798 -0.0074366 -0.0042731 -0.0035126 -0.0001002 0.0004067 -0.0092920 -0.0070240 0.0091784 -0.0091138 0.0115692 -0.0056818 -0.0050797 -0.0041286 -0.0035847 -0.0020875 -0.0065532 -0.0063312 -0.0051895 -0.0062319 -0.0047334 -0.0040507
-0.0138171 -0.0045614 -0.0063954 -0.0018718 -0.0004185 -0.0009423 0.0139613 -0.0069492 1.1491146 -0.0046575 -0.0038185 -0.0026737 -0.0027277 -0.0032237 0.0005930 -0.0048957 -0.0111769 0.0008651 -0.0031385 -0.0077950 -0.0071980 -0.0045564 -0.0043278 -0.0094613 -0.0022634 -0.0028844 -0.0162503 -0.0020956 -0.0098812 -0.0079473 -0.0009124 -0.0040838 -0.0034103 0.0150342 -0.0112698 -0.0042051 -0.0344720 -0.0036428 -0.0062916 -0.0129017 -0.0032485 -0.0093702 -0.0055630 -0.0089488 -0.0010885 -0.0066609 -0.0036750 -0.0057589 0.0212441 0.0006684 -0.0323805 -0.0028469 -0.0017089 -0.0018314 -0.0012471 -0.0032971 -0.0010912 -0.0052020 -0.0100104 0.0039474 -0.0078215 0.0002018 0.0034876 -0.0002353 -0.0026666 0.0032600 -0.0070268 -0.0037591 0.0031090 -0.0346609 -0.0052179 -0.0031260 -0.0088555 -0.0017667 -0.0079804 -0.0124269 -0.0026558 -0.0092034 -0.0052703 -0.0052950 -0.0035139 -0.0088971 -0.0022806 -0.0030668 0.0005213 -0.0060294 -0.0052337 -0.0073790 -0.0085441 -0.0010095 -0.0070428 -0.0046554 -0.0066148 0.0085132 -0.0041699 -0.0050969 0.0019445 0.0016252 -0.0139131 -0.0077426 -0.0037744 -0.0101931 -0.0043753 -0.0081794 -0.0049302 -0.0078630 -0.0067568 -0.0053510 -0.0021585 -0.0062900 -0.0078193 -0.0037953 -0.0084651 -0.0016194 -0.0057204 0.0012740 -0.0045960 -0.0031801 -0.0004585 -0.0016059 -0.0078118 -0.0036281 -0.0079461 -0.0117617 -0.0032132 -0.0039382 -0.0088301 -0.0005674 -0.0080991 -0.0028383 -0.0057125 -0.0068280 -0.0033963 -0.0062840 -0.0026744 -0.0083820 -0.0035605 -0.0066973 -0.0050261 -0.0059809 0.0007100 -0.0012507 -0.0011987 -0.0062090 -0.0068073 -0.0081507 -0.0066316 -0.0071081 0.0117012 -0.0114579 -0.0013166 -0.0006730 0.0133127 -0.0033234 0.0026412 -0.0059488 -0.0046490 -0.0107400 -0.0078960 -0.0112436 -0.0092405 -0.0024595 -0.0049722 -0.0078541 -0.0032760 -0.0007469 -0.0075348 -0.0035989 0.0001598 -0.0009988 -0.0017987 -0.0023259 0.0161104 0.0226211 -0.0081593 -0.0080346 -0.0073034 0.0014476 -0.0022738 -0.0056802 -0.0043707 -0.0019799 -0.0039909 -0.0096131 -0.0066338 0.0006218 -0.0028479 -0.0030129 -0.0051094 0.0253127 0.0120938 -0.0052724 -0.0049295 -0.0048954 -0.0067284 -0.0048352 -0.0065277 0.0246931 0.0013990 -0.0016773 -0.0075418 -0.0016848 -0.0046690 -0.0031273 -0.0035750 -0.0090762 0.0125849 -0.0103611 -0.0004555 0.0073823 -0.0057465 -0.0006068 -0.0014670 -0.0031145 0.0005441 -0.0053083 -0.0042184 -0.0004723 -0.0009052
-0.0083852 -0.0077498 -0.0053611 -0.0030343 -0.0048268 -0.0078051 -0.0042858 -0.0027992 -0.0046575 1.1180912 -0.0004601 0.0017200 -0.0046646 -0.0030127 -0.0034005 -0.0011356 -0.0042437 -0.0049022 -0.0045652 -0.0056589 -0.0027903 -0.0008641 -0.0023423 -0.0039272 -0.0021845 -0.0086055 0.0022327 -0.0067008 -0.0071870 0.0153015 0.0003972 -0.0059257 -0.0059619 -0.0036585 -0.0091368 -0.0089084 -0.0395942 -0.0031197 0.0086494 -0.0103938 0.0022353 0.0005948 -0.0032579 -0.0085194 -0.0051800 -0.0007452 -0.0017570 -0.0073476 -0.0056958 -0.0039912 -0.0393838 0.0036473 0.0005270 -0.0042392 0.0023838 -0.0026403 0.0000232 -0.0058561 -0.0001558 -0.0050278 -0.0027719 0.0019377 -0.0030691 0.0034269 0.0005187 -0.0018700 -0.0062225 0.0026508 -0.0028702 -0.0391140 -0.0021811 -0.0005364 0.0019765 0.0059324 -0.0070900 -0.0094750 -0.0023142 -0.0028295 -0.0068085 -0.0002144 -0.0036338 -0.0081363 0.0174764 -0.0096032 -0.0008507 -0.0070113 -0.0010079 -0.0044523 -0.0059014 -0.0008892 -0.0016025 0.0036934 0.0009350 0.0004313 -0.0009648 0.0001503 -0.0041706 0.0040003 -0.0010637 -0.0045152 -0.0053728 -0.0019454 0.0011413 -0.0089364 -0.0067095 -0.0051833 -0.0003638 -0.0040762 -0.0035201 -0.0002095 -0.0061705 0.0107014 -0.0071249 -0.0066896 -0.0032430 -0.0005339 -0.0017795 -0.0008308 -0.0014091 -0.0067454 -0.0105783 -0.0034738 -0.0088349 -0.0034900 0.0002443 -0.0029353 -0.0076706 -0.0089101 -0.0006103 -0.0046379 0.0142303 -0.0114421 -0.0017009 -0.0052238 -0.0024498 -0.0037311 -0.0029972 -0.0100871 -0.0065894 0.0025632 -0.0020453 -0.0020437 -0.0038961 -0.0074731 -0.0041023 -0.0066202 -0.0117156 -0.0035446 -0.0036168 -0.0054016 -0.0024693 -0.0018419 -0.0057551 -0.0072008 -0.0022999 -0.0036913 -0.0080707 -0.0049559 -0.0021216 -0.0097886 -0.0045378 0.0019461 -0.0056569 -0.0020788 -0.0063783 -0.0044853 -0.0066319 -0.0044466 -0.0035243 -0.0076079 0.0002429 -0.0050925 -0.0032892 0.0006678 -0.0056167 -0.0044531 -0.0092879 0.0020929 -0.0051715 -0.0046910 -0.0085354 -0.0017250 -0.0070428 -0.0097099 -0.0078430 -0.0011676 -0.0008792 -0.0057375 -0.0032693 -0.0038725 -0.0066700 -0.0025173 -0.0030524 0.0047170 0.0249620 -0.0057548 -0.0059097 -0.0069938 -0.0048694 -0.0055422 0.0194497 -0.0026797 0.0019056 -0.0028864 -0.0016700 -0.0061082 -0.0070728 -0.0093110 -0.0047192 -0.0034468 0.0042581 0.0003182 -0.0013990 -0.0049573 -0.0023633 -0.0042792 -0.0025100 -0.0015623 0.0139877
-0.0077686 0.0002211 -0.0010742 0.0034313 -0.0108381 -0.0030747 -0.0020589 -0.0077249 -0.0038185 -0.0004601 1.1254251 0.0034094 -0.0055827 -0.0071203 0.0088998 -0.0003109 -0.0071667 -0.0046014 -0.0021621 -0.0067144 -0.0035435 -0.0069273 -0.0013801 -0.0099473 -0.0042871 -0.0022697 -0.0059557 0.0152581 -0.0053193 -0.0055495 -0.0023584 0.0016059 -0.0015629 0.0055105 -0.0068596 0.0035333 -0.0386681 -0.0096170 0.0014092 -0.0034611 -0.0000852 -0.0056152 -0.0041079 0.0122243 -0.0071093 -0.0030802 0.0050796 -0.0101543 -0.0017610 -0.0042690 -0.0378767 -0.0068810 0.0006339 -0.0018272 0.0057008 -0.0025542 -0.0039383 -0.0029168 -0.0052620 -0.0086974 -0.0068176 0.0035551 0.0020303 -0.0039284 -0.0017318 0.0020284 -0.0066234 -0.0040364 -0.0001153 -0.0391004 -0.0062393 -0.0043350 0.0027653 0.0021128 -0.0061231 -0.0076051 -0.0035411 -0.0114155 -0.0042287 0.0037255 0.0017481 -0.0126248 0.0003334 -0.0106376 -0.0036248 0.0012016 -0.0065279 -0.0022707 -0.0033980 0.0008791 -0.0026381 0.0063566 -0.0009162 -0.0010350 0.0069844 -0.0000069 0.0015434 0.0086474 -0.0070888 -0.0092919 -0.0064169 0.0171631 -0.0043011 -0.0040224 -0.0085627 0.0001976 -0.0025215 -0.0088636 -0.0094505 -0.0012710 -0.0036610 0.0034620 -0.0067066 -0.0032420 -0.0027661 -0.0008579 -0.0072127 0.0017859 -0.0004407 -0.0048379 0.0087540 -0.0042931 -0.0057506 -0.0076026 0.0001672 -0.0041356 -0.0115174 -0.0050794 -0.0115676 -0.0051176 0.0017580 0.0026689 -0.0023251 0.0000236 -0.0067002 -0.0020151 -0.0034864 0.0005002 -0.0020099 -0.0042224 0.0064230 -0.0033006 -0.0012562 0.0013301 -0.0042592 0.0005674 -0.0088152 -0.0024712 -0.0013532 -0.0087227 -0.0030267 -0.0052983 0.0001023 -0.0008016 -0.0041059 -0.0081706 -0.0032509 -0.0074046 -0.0053255 -0.0022177 -0.0066020 -0.0009373 -0.0038332 -0.0074773 -0.0038484 -0.0018886 -0.0029149 -0.0019330 -0.0054831 -0.0029002 -0.0038186 -0.0057958 -0.0037044 -0.0017535 -0.0031634 -0.0044323 -0.0028840 -0.0052774 0.0019314 -0.0058427 -0.0029133 -0.0086775 -0.0019401 -0.0072088 -0.0038559 -0.0033379 0.0005680 -0.0077675 -0.0034159 0.0064532 -0.0056254 -0.0044526 -0.0054337 -0.0118911 0.0063322 -0.0032818 -0.0036148 0.0021047 -0.0047183 -0.0103224 -0.0003351 -0.0082238 -0.0060916 -0.0027810 -0.0047590 -0.0093783 -0.0034063 -0.0113201 -0.0029418 -0.0106434 -0.0025656 -0.0027250 -0.0025235 0.0001125 -0.0037456 0.0027300 -0.0041571 0.0032912 0.0013654
-0.0043691 -0.0020738 -0.0007942 -0.0079777 0.0004814 -0.0074482 -0.0027403 -0.0000554 -0.0026737 0.0017200 0.0034094 1.1226997 -0.0038943 -0.0053335 -0.0032000 0.0021104 -0.0091442 -0.0036625 0.0003365 -0.0054640 -0.0022289 -0.0003227 -0.0054290 -0.0050093 -0.0062681 -0.0036596 -0.0050985 -0.0038260 -0.0052874 -0.0007801 -0.0042794 -0.0018441 -0.0003821 0.0012080 -0.0044683 -0.0095676 -0.0011549 -0.0055329 -0.0008408 -0.0046066 -0.0066149 -0.0030458 -0.0036798 0.0009575 -0.0088162 -0.0052207 -0.0025795 -0.0037743 -0.0009352 -0.0032732 -0.0019721 -0.0005538 -0.0073172 -0.0024658 0.0021656 -0.0035028 -0.0017717 -0.0049169 -0.0050238 0.0004560 -0.0060009 -0.0026325 -0.0011181 -0.0021693 -0.0009509 0.0013711 -0.0031737 -0.0010676 -0.0037796 -0.0004835 -0.0006165 -0.0044340 -0.0034678 -0.0029633 -0.0041593 -0.0048423 -0.0026304 -0.0083428 -0.0076283 0.0018864 -0.0055463 -0.0025944 0.0013852 -0.0005725 -0.0019478 -0.0067843 -0.0026693 0.0003382 -0.0056875 -0.0003920 -0.0047305 -0.0047725 -0.0041536 -0.0018635 0.0009961 -0.0066080 -0.0013614 -0.0045556 -0.0026568 0.0002934 -0.0064987 -0.0018070 -0.0059002 -0.0025756 -0.0036838 -0.0068494 -0.0040473 -0.0082952 -0.0075057 -0.0028661 -0.0039432 -0.0002461 -0.0032709 -0.0045603 -0.0056151 -0.0026720 -0.0042471 -0.0044406 0.0005690 -0.0015802 -0.0024536 -0.0022050 0.0020570 -0.0047640 -0.0034787 -0.0059523 -0.0041140 -0.0053923 -0.0045604 -0.0091372 -0.0011292 -0.0080071 -0.0065443 -0.0030490 -0.0033731 -0.0050030 -0.0072980 -0.0016977 -0.0052570 -0.0015400 -0.0017144 -0.0043163 -0.0045225 -0.0057612 -0.0032972 0.0010921 -0.0050409 -0.0051507 -0.0008277 -0.0030292 -0.0055636 0.0005463 -0.0029192 -0.0080673 -0.0030684 -0.0049230 -0.0050999 -0.0012146 -0.0054654 -0.0102695 -0.0051414 -0.0095740 -0.0054558 0.0002536 -0.0034144 0.0037439 -0.0035438 0.0006195 -0.0069320 -0.0018685 0.0020824 0.0040000 -0.0070151 -0.0030438 -0.0045564 -0.0031927 -0.0055671 -0.0024901 -0.0031788 -0.0032059 -0.0021336 -0.0037135 -0.0024542 -0.0081125 -0.0026619 -0.0053945 -0.0031577 -0.0030247 -0.0027825 -0.0055760 -0.0040315 -0.0042126 0.0006483 -0.0005183 -0.0005252 -0.0047631 -0.0056935 0.0015602 -0.0016389 -0.0018007 0.0029650 -0.0010386 -0.0025297 -0.0042645 -0.0039699 -0.0028151 -0.0044724 -0.0029183 -0.0047519 -0.0021702 -0.0029338 -0.0019986 -0.0055100 -0.0006867 -0.0007354 -0.0027401 -0.0050870 -0.0008201 0.0018723
-0.0059049 0.0120853 -0.0061835 -0.0044503 0.0072810 -0.0057059 -0.0079314 -0.0063049 -0.0027277 -0.0046646 -0.0055827 -0.0038943 1.1221746 -0.0064488 -0.0044535 -0.0053452 -0.0094535 0.0009849 -0.0008386 0.0010724 -0.0001572 0.0011895 -0.0039266 -0.0059604 -0.0027050 0.0007771 -0.0096194 -0.0099450 -0.0082994 -0.0050992 -0.0023965 -0.0022945 -0.0022708 -0.0085907 -0.0034175 -0.0099135 -0.0123083 -0.0051640 -0.0088443 0.0054938 0.0068866 -0.0042872 -0.0063013 -0.0036742 -0.0041138 -0.0087672 -0.0032868 -0.0085485 -0.0023987 -0.0022432 -0.0137691 -0.0023258 -0.0060473 0.0109802 -0.0010620 -0.0022036 -0.0015302 -0.0025717 -0.0039526 -0.0053708 0.0015892 -0.0063369 -0.0011467 -0.0021754 -0.0015331 0.0010051 -0.0034152 -0.0028731 -0.0054637 -0.0118793 -0.0064961 -0.0013481 -0.0073252 -0.0027118 -0.0051563 -0.0002793 -0.0047565 -0.0063234 -0.0031985 -0.0005467 -0.0073072 -0.0065707 -0.0040707 0.0097917 -0.0020192 -0.0053350 -0.0050589 -0.0045690 -0.0107013 -0.0039329 -0.0013676 -0.0061025 -0.0041523 -0.0000145 0.0052917 -0.0030800 -0.0090453 -0.0066315 -0.0047600 -0.0062938 0.0130892 -0.0071809 -0.0055329 -0.0039315 -0.0071029 0.0003602 -0.0047239 0.0007547 -0.0048509 -0.0000118 -0.0066227 -0.0049950 -0.0045433 0.0129397 -0.0025000 -0.0016870 -0.0035255 -0.0055311 -0.0069369 -0.0041177 -0.0065158 -0.0033532 -0.0061332 -0.0070782 0.0009643 0.0106580 -0.0111006 0.0176964 -0.0069122 -0.0023363 -0.0008731 -0.0095972 -0.0060558 0.0004507 0.0136232 -0.0058448 -0.0072272 -0.0059491 -0.0035730 0.0054408 -0.0090272 0.0044445 0.0002109 -0.0034556 -0.0050659 -0.0060839 -0.0084097 -0.0048638 -0.0039239 -0.0064008 -0.0034838 -0.0009659 -0.0019862 -0.0098947 -0.0017246 -0.0050425 -0.0034359 0.0046105 -0.0012305 -0.0025183 -0.0034443 -0.0060592 -0.0081798 -0.0031228 -0.0061160 -0.0028937 0.0030277 -0.0032003 0.0029879 -0.0041185 0.0004431 -0.0072186 -0.0025759 0.0025096 -0.0066231 -0.0070490 -0.0085002 0.0041707 0.0020912 -0.0024949 -0.0012788 -0.0061469 -0.0085626 -0.0045024 -0.0022548 -0.0013380 -0.0011138 -0.0018306 -0.0040271 -0.0047067 -0.0057179 -0.0008041 -0.0020623 -0.0040928 -0.0057205 -0.0058198 -0.0025294 -0.0016251 -0.0016641 -0.0100047 -0.0056204 -0.0032205 -0.0029094 -0.0062867 -0.0003844 -0.0046186 -0.0063998 -0.0049864 -0.0024380 -0.0039275 -0.0025185 -0.0045066 -0.0037099 -0.0039216 -0.0031606 -0.0014405 -0.0013081 -0.0039179 -0.0016014
0.0154839 -0.0085496 0.0006351 -0.0052451 -0.0078799 -0.0077805 -0.0059796 -0.0001260 -0.0032237 -0.0030127 -0.0071203 -0.0053335 -0.0064488 1.1025175 0.0009368 -0.0048888 -0.0043863 -0.0019749 -0.0013114 -0.0051998 -0.0007735 0.0015775 -0.0032938 -0.0050272 -0.0019785 -0.0052576 -0.0033677 -0.0116856 -0.0029483 -0.0075333 -0.0009498 -0.0033601 -0.0041153 -0.0070338 -0.0086423 0.0058455 -0.0269884 -0.0051335 -0.0021712 -0.0045601 -0.0073584 -0.0044187 -0.0061450 -0.0052964 -0.0019732 -0.0047938 -0.0057795 -0.0033111 -0.0076931 -0.0033249 -0.0272024 -0.0040191 -0.0008178 -0.0076793 -0.0018949 -0.0015553 -0.0009902 0.0009247 -0.0039494 -0.0058914 0.0003922 0.0057318 -0.0057290 -0.0030527 0.0004490 0.0005473 0.0008032 -0.0022557 -0.0013225 -0.0276314 0.0018685 -0.0034596 -0.0037722 -0.0024425 -0.0035973 -0.0036319 -0.0062472 -0.0039279 -0.0012843 -0.0053353 -0.0045982 -0.0093310 -0.0050118 -0.0079348 -0.0012798 -0.0003168 -0.0029689 -0.0004352 0.0069380 -0.0041491 -0.0029144 0.0017460 -0.0052893 0.0001167 -0.0110742 0.0008833 -0.0088651 -0.0007123 -0.0049074 0.0002235 -0.0050389 -0.0012567 -0.0008725 -0.0065964 -0.0051996 0.0007382 0.0006920 0.0114727 -0.0066417 0.0012168 -0.0036821 -0.0041254 -0.0022184 -0.0058623 0.0339026 -0.0041351 -0.0024810 0.0038581 -0.0028057 -0.0091121 -0.0078322 -0.0049364 -0.0025790 -0.0026342 -0.0074330 0.0028508 -0.0063323 -0.0113669 -0.0062771 -0.0074153 -0.0062705 -0.0001585 -0.0037641 -0.0048445 0.0214734 -0.0077094 -0.0041082 0.0124875 0.0085208 0.0003483 -0.0041002 -0.0000570 0.0017163 -0.0025812 -0.0043010 -0.0025674 -0.0097141 -0.0049281 -0.0031629 -0.0042903 -0.0001033 0.0052694 -0.0054784 0.0069660 -0.0035892 -0.0051538 0.0038489 -0.0029133 -0.0037991 0.0049988 -0.0057312 0.0001020 -0.0013037 -0.0021544 -0.0037531 -0.0028900 -0.0035381 -0.0025679 -0.0017482 -0.0013161 -0.0036352 -0.0040646 -0.0013596 -0.0057208 -0.0035656 -0.0016669 0.0014798 0.0029202 -0.0020943 -0.0047144 -0.0043345 0.0003111 -0.0051613 -0.0035948 -0.0007134 -0.0081644 -0.0004708 -0.0031078 -0.0023183 -0.0088454 0.0028927 0.0012871 -0.0053065 0.0072147 -0.0065623 -0.0016323 -0.0060525 -0.0075367 -0.0069193 -0.0072297 -0.0051805 -0.0056470 -0.0009990 -0.0077758 -0.0044387 -0.0024648 -0.0031963 -0.0046439 -0.0033745 -0.0049137 -0.0022251 -0.0050744 -0.0007482 0.0011728 -0.0025161 -0.0021708 -0.0046456 -0.0025829 -0.0001266
0.0016758 -0.0063358 -0.0020035 -0.0032149 -0.0087472 0.0014017 -0.0001091 -0.0085219 0.0005930 -0.0034005 0.0088998 -0.0032000 -0.0044535 0.0009368 1.1037002 0.0023345 -0.0041351 0.0040392 -0.0005541 -0.0043800 -0.0043477 0.0025864 -0.0062546 -0.0046685 -0.0043411 -0.0071008 -0.0069845 0.0061047 -0.0089786 -0.0084986 -0.0054344 0.0045702 -0.0050403 0.0056062 -0.0116787 0.0003193 -0.0598243 -0.0052328 -0.0061842 -0.0125279 -0.0033977 -0.0051605 -0.0037819 0.0017813 -0.0048126 -0.0083457 0.0045887 -0.0080844 0.0014160 -0.0050110 -0.0568628 -0.0039805 0.0053077 -0.0037740 0.0019368 -0.0030743 -0.0035441 -0.0014235 -0.0031358 -0.0081674 -0.0062406 0.0060992 -0.0002065 -0.0047112 -0.0017565 0.0082607 0.0043256 -0.0007992 0.0151284 -0.0597772 -0.0052955 -0.0037339 -0.0019926 0.0105817 -0.0029559 -0.0083740 -0.0016053 -0.0113979 -0.0052968 0.0032434 -0.0068799 -0.0114556 -0.0030215 -0.0039902 -0.0015698 -0.0005462 -0.0009473 -0.0077490 -0.0046364 -0.0045087 -0.0034237 0.0088366 -0.0033176 0.0026979 -0.0006575 -0.0017013 -0.0015144 0.0136934 -0.0099253 -0.0039389 -0.0061350 0.0047312 0.0016139 -0.0054258 -0.0035732 -0.0016708 -0.0016746 -0.0068997 -0.0045560 -0.0019306 -0.0084971 -0.0033304 -0.0034671 -0.0044210 0.0011278 -0.0017796 0.0006303 -0.0003834 0.0030207 -0.0013738 0.0041386 -0.0009144 -0.0062917 -0.0081751 -0.0038031 -0.0022509 -0.0020326 -0.0116820 0.0007301 -0.0066728 -0.0038068 -0.0021786 -0.0108090 0.0002056 -0.0068540 -0.0023047 0.0033142 0.0003614 0.0015834 -0.0023438 0.0093781 -0.0029765 0.0026909 -0.0000752 -0.0050864 -0.0020281 -0.0115120 -0.0067790 0.0034834 -0.0099386 -0.0015359 -0.0051307 -0.0002122 -0.0014647 0.0042793 -0.0065793 -0.0026358 -0.0058201 -0.0047111 0.0001772 -0.0078454 -0.0021005 -0.0023324 -0.0031110 -0.0022043 -0.0024763 -0.0044251 -0.0014100 -0.0064105 -0.0079449 -0.0068718 -0.0065706 -0.0088915 0.0021317 -0.0015608 0.0001714 -0.0011327 -0.0030133 0.0021409 -0.0062469 -0.0029895 -0.0038562 -0.0056285 -0.0118680 -0.0012254 0.0095219 -0.0037926 -0.0013217 -0.0024931 0.0053535 -0.0005456 0.0006734 -0.0074555 -0.0077370 -0.0022977 -0.0010475 -0.0037687 -0.0033150 -0.0008022 -0.0013077 -0.0049140 0.0001079 -0.0022778 -0.0043656 -0.0017377 -0.0047045 0.0068141 -0.0066417 -0.0030283 -0.0071239 -0.0027002 -0.0028054 -0.0029047 0.0000848 -0.0027176 -0.0046454 -0.0007375 0.0033779 -0.0030136
-0.0104936 -0.0074451 -0.0026209 0.0005318 -0.0044403 -0.0014748 -0.0055049 -0.0048117 -0.0048957 -0.0011356 -0.0003109 0.0021104 -0.0053452 -0.0048888 0.0023345 1.1017500 -0.0022897 -0.0032583 -0.0022747 -0.0008657 -0.0045482 -0.0011376 -0.0030191 -0.0028794 -0.0007907 -0.0043595 -0.0064243 0.0031206 -0.0056711 -0.0046680 -0.0052294 0.0009211 -0.0111560 -0.0001576 0.0058214 -0.0030809 -0.0463992 0.0000038 0.0046442 -0.0103782 -0.0077517 -0.0048102 -0.0036275 0.0044490 -0.0022090 -0.0059757 0.0011119 -0.0071989 -0.0050932 -0.0052195 -0.0471158 -0.0003803 -0.0020776 -0.0064733 0.0080624 -0.0018263 -0.0023281 -0.0080570 -0.0077152 -0.0040421 -0.0057591 0.0035053 -0.0006395 0.0080841 0.0000300 -0.0009000 -0.0003370 -0.0007456 -0.0007690 -0.0468483 0.0004344 -0.0012154 -0.0051920 0.0002999 -0.0053600 -0.0016160 -0.0031886 -0.0077655 -0.0031222 0.0059213 -0.0057218 -0.0099418 -0.0022319 -0.0038152 0.0031983 -0.0048896 -0.0030018 -0.0042672 -0.0048548 0.0010200 0.0009685 0.0027274 -0.0062155 0.0024918 -0.0008094 -0.0036985 -0.0056543 0.0016321 -0.0043935 0.0017567 -0.0059121 -0.0018664 -0.0073844 -0.0087610 -0.0044871 -0.0066338 -0.0018160 -0.0042784 -0.0066355 -0.0054036 -0.0049221 -0.0017190 -0.0068084 -0.0058031 -0.0040741 0.0010709 -0.0028424 -0.0012997 0.0007004 0.0017763 0.0018092 0.0145965 -0.0048392 -0.0050658 0.0017391 -0.0040666 0.0006146 -0.0088479 -0.0004609 -0.0064808 -0.0035329 0.0078455 0.0048473 -0.0012238 -0.0047315 -0.0012562 -0.0029618 -0.0082676 -0.0014626 -0.0035373 0.0042519 -0.0020727 -0.0019785 -0.0001596 -0.0038034 -0.0007516 -0.0077664 -0.0064839 -0.0044370 -0.0085522 -0.0021214 -0.0075269 -0.0052858 -0.0041863 -0.0040009 -0.0055962 -0.0070314 0.0019094 -0.0040291 -0.0012711 -0.0055533 -0.0070464 -0.0010298 -0.0031575 0.0018922 -0.0016559 -0.0037799 -0.0025337 -0.0063259 -0.0033605 0.0021673 -0.0012638 -0.0002159 -0.0003486 -0.0009437 -0.0019921 0.0100971 -0.0036102 -0.0012077 -0.0059220 -0.0046844 -0.0062830 0.0055606 -0.0098447 -0.0042911 0.0004141 -0.0047623 -0.0061113 -0.0041730 0.0024701 -0.0041077 -0.0028565 -0.0051211 -0.0015035 -0.0053875 -0.0027339 -0.0070854 -0.0058801 0.0012438 0.0015727 -0.0042546 -0.0040687 -0.0052101 -0.0030177 -0.0018015 -0.0065194 -0.0028533 -0.0069371 -0.0064419 -0.0050639 -0.0042062 -0.0032552 -0.0006630 0.0030003 -0.0012464 0.0087426 -0.0022215 0.0024043 -0.0024157
