1.0185488 0.0021635 0.0034367 0.0019163 0.0038999 0.0037169 0.0010267 -0.0105462 -0.0682512 -0.0674606 0.0019959 -0.0039549 0.0016068 0.0001097 0.0016103 0.0043179 0.0040560 0.0064735 0.0012385 -0.0007477 -0.0003803 0.0032935 0.0022225 -0.0721728 -0.0020959 -0.0670312 -0.0012348 -0.0627523 0.0049786 0.0030343 -0.0032593 0.0005214 0.0017691 -0.0036448 -0.0008895 -0.0000632 0.0039125 0.0100209 0.0004499 0.0011639 0.0014584 0.0046787 0.0014256 0.0036299 -0.0641293 -0.0008946 -0.0000956 -0.0712098 0.0030600 0.0018767 0.0011858 0.0052688 0.0047355 0.0151041 -0.0006332 -0.0011378 0.0026421 -0.0018187 -0.0015546 -0.0923850 0.0007022
0.0021635 1.0321130 0.0009538 -0.0006377 0.0006768 0.0011796 -0.0011611 -0.0110424 -0.0745799 -0.0730986 0.0021184 0.0033898 0.0036451 0.0012973 0.0023127 0.0049084 0.0079602 0.0011242 0.0029165 0.0004207 0.0009776 -0.0018815 0.0005332 -0.0747318 -0.0000268 -0.0675504 0.0016387 -0.0674204 -0.0015039 0.0023364 -0.0047622 0.0034856 -0.0009260 0.0021275 -0.0020482 -0.0017672 0.0017174 -0.0002771 0.0011963 0.0039080 0.0016035 0.0047121 0.0013557 0.0067970 -0.0690128 -0.0032008 0.0055505 -0.0735139 0.0064275 0.0028974 0.0028879 0.0013433 0.0070687 0.0024850 0.0033812 -0.0034345 0.0041976 -0.0012518 0.0028289 -0.0974181 -0.0002066
0.0034367 0.0009538 1.0266811 0.0019908 -0.0045836 0.0006299 -0.0013732 -0.0095353 -0.0694590 -0.0679219 0.0012535 -0.0005931 0.0004143 0.0025292 0.0007436 0.0020854 0.0072525 -0.0002264 0.0044170 -0.0009126 0.0029023 -0.0002141 0.0069181 -0.0730518 -0.0006744 -0.0704774 0.0042527 -0.0665056 0.0053204 -0.0010402 -0.0014225 0.0005259 0.0003194 -0.0013889 0.0032799 -0.0001561 0.0055546 0.0022074 0.0045934 0.0014153 -0.0009351 0.0028141 0.0025867 0.0058158 -0.0710249 0.0030052 0.0024005 -0.0711393 0.0022642 0.0021830 0.0009640 0.0034157 0.0028134 0.0033679 0.0032793 -0.0017708 0.0039839 0.0002617 0.0003175 -0.0921602 0.0023999
0.0019163 -0.0006377 0.0019908 1.0490197 -0.0004403 0.0008943 0.0000043 -0.0107789 -0.0747129 -0.0752295 0.0005274 -0.0028843 0.0047397 0.0003492 0.0040719 -0.0006676 0.0001724 0.0033814 0.0063164 0.0007050 0.0033058 -0.0006038 0.0032060 -0.0794251 0.0017616 -0.0798548 -0.0027015 -0.0727325 0.0050166 0.0006470 -0.0051566 0.0038088 -0.0006776 -0.0015006 -0.0004471 0.0004720 0.0034676 0.0069798 -0.0021284 0.0018551 0.0039360 0.0064263 0.0019517 0.0000640 -0.0796343 0.0025015 0.0000614 -0.0796107 0.0018586 0.0043759 0.0001331 0.0050188 0.0006523 0.0049003 0.0025455 0.0027962 0.0012190 -0.0023399 0.0059578 -0.1053424 0.0016283
0.0038999 0.0006768 -0.0045836 -0.0004403 1.0332398 0.0033059 0.0063595 -0.0076004 -0.0539378 -0.0566730 -0.0054462 -0.0070860 -0.0057768 -0.0024427 0.0006313 -0.0037387 0.0007638 0.0003250 -0.0008219 -0.0013680 -0.0030446 -0.0027686 -0.0013870 -0.0500005 -0.0012803 -0.0533903 -0.0007748 -0.0485603 -0.0046077 0.0026414 -0.0063114 0.0019960 -0.0024259 -0.0028011 -0.0026673 -0.0061964 0.0006142 -0.0047852 -0.0046226 -0.0070300 0.0027895 -0.0029320 -0.0016934 -0.0025190 -0.0496389 -0.0041522 -0.0017477 -0.0547064 -0.0000487 0.0010006 -0.0036960 -0.0008822 0.0049550 -0.0013419 -0.0009120 -0.0041901 0.0023128 -0.0033693 0.0009916 -0.0747399 -0.0021635
0.0037169 0.0011796 0.0006299 0.0008943 0.0033059 1.0312309 -0.0005264 -0.0079473 -0.0692607 -0.0734446 -0.0011024 -0.0002728 0.0058749 -0.0024314 0.0051021 0.0016217 0.0014456 0.0006298 0.0023215 0.0061752 0.0044733 0.0032054 0.0003560 -0.0720839 0.0005536 -0.0757823 -0.0018125 -0.0716896 0.0045168 0.0007579 -0.0044257 0.0061648 0.0015904 0.0010068 -0.0044156 -0.0019651 0.0043215 0.0042441 -0.0038816 0.0008425 0.0038544 0.0100616 0.0005877 0.0035220 -0.0722075 0.0045225 0.0075605 -0.0762827 0.0043996 0.0020997 0.0027105 0.0042275 0.0076044 0.0070635 0.0028771 0.0012033 0.0039387 0.0001606 0.0031474 -0.0996726 -0.0012770
0.0010267 -0.0011611 -0.0013732 0.0000043 0.0063595 -0.0005264 1.0393164 -0.0086409 -0.0656950 -0.0652590 0.0005173 -0.0030422 0.0010666 -0.0026767 0.0028112 0.0002521 0.0021818 -0.0030643 -0.0006787 0.0041809 -0.0025885 0.0018047 0.0000958 -0.0651643 0.0006806 -0.0598617 -0.0000990 -0.0541062 0.0046159 0.0013271 -0.0023596 0.0014931 -0.0020165 -0.0054365 -0.0027403 -0.0037855 0.0044794 -0.0048069 -0.0018918 -0.0018433 0.0032048 0.0060511 -0.0011085 -0.0019866 -0.0577872 -0.0056920 -0.0004716 -0.0661661 0.0039892 0.0011913 -0.0038571 -0.0010465 0.0007242 0.0001743 -0.0016524 -0.0055606 0.0049624 -0.0001590 -0.0035996 -0.0846659 -0.0040319
-0.0105462 -0.0110424 -0.0095353 -0.0107789 -0.0076004 -0.0079473 -0.0086409 1.0329942 -0.0077906 -0.0118235 -0.0099134 -0.0069592 -0.0092335 -0.0089934 -0.0100308 -0.0099154 -0.0096280 -0.0117730 -0.0084417 -0.0107191 -0.0080596 -0.0118708 0.0039088 -0.0052363 -0.0108336 -0.0090963 -0.0099009 -0.0105910 -0.0082842 -0.0058783 -0.0014539 -0.0097713 -0.0063446 -0.0070540 -0.0057172 -0.0101735 -0.0072720 -0.0125259 -0.0076868 -0.0111946 -0.0066154 -0.0079369 -0.0068380 -0.0076853 -0.0027869 -0.0089918 -0.0092466 -0.0072190 -0.0078128 -0.0061721 -0.0069106 -0.0087996 -0.0095059 -0.0090596 -0.0087207 -0.0086198 -0.0088403 -0.0094688 -0.0096567 0.0042373 -0.0088533
-0.0682512 -0.0745799 -0.0694590 -0.0747129 -0.0539378 -0.0692607 -0.0656950 -0.0077906 1.3107550 0.3078064 -0.0610436 -0.0665599 -0.0686957 -0.0742988 -0.0707850 -0.0641004 -0.0673540 -0.0683092 -0.0665156 -0.0755985 -0.0664439 -0.0743682 -0.0744457 0.3234822 -0.0666027 0.3117940 -0.0685549 0.2879626 -0.0784528 -0.0780109 -0.0491242 -0.0697881 -0.0798573 -0.0334928 -0.0544337 -0.0574562 -0.0706314 -0.0693928 -0.0653827 -0.0529255 -0.0663426 -0.0730235 -0.0676582 -0.0741609 0.3128267 -0.0575391 -0.0634534 0.3221318 -0.0727723 -0.0659945 -0.0679989 -0.0701085 -0.0735435 -0.0771442 -0.0661532 -0.0633759 -0.0634181 -0.0589858 -0.0588630 0.4517234 -0.0591310
-0.0674606 -0.0730986 -0.0679219 -0.0752295 -0.0566730 -0.0734446 -0.0652590 -0.0118235 0.3078064 1.3258967 -0.0576615 -0.0671834 -0.0742376 -0.0718711 -0.0723525 -0.0585843 -0.0651400 -0.0764080 -0.0692250 -0.0747693 -0.0724359 -0.0780702 -0.0749802 0.3256772 -0.0700884 0.3177471 -0.0662609 0.2878712 -0.0825365 -0.0746988 -0.0583473 -0.0732405 -0.0799503 -0.0472291 -0.0507358 -0.0572216 -0.0745290 -0.0754866 -0.0604281 -0.0583911 -0.0659816 -0.0789700 -0.0707776 -0.0740768 0.3075263 -0.0628697 -0.0642510 0.3279142 -0.0749782 -0.0737526 -0.0696765 -0.0728509 -0.0698126 -0.0810701 -0.0665661 -0.0640983 -0.0638545 -0.0556372 -0.0604978 0.4527467 -0.0595004
0.0019959 0.0021184 0.0012535 0.0005274 -0.0054462 -0.0011024 0.0005173 -0.0099134 -0.0610436 -0.0576615 1.0267562 -0.0019459 -0.0022988 -0.0003373 0.0013861 0.0041723 -0.0001827 -0.0022485 0.0008259 -0.0005619 -0.0025382 -0.0013411 0.0012898 -0.0657412 -0.0023956 -0.0600235 -0.0003046 -0.0581651 0.0015719 0.0035497 -0.0019814 0.0033470 0.0016623 -0.0020139 0.0010006 0.0002999 0.0018854 -0.0020159 -0.0017456 -0.0011966 -0.0004222 0.0006028 0.0001532 0.0005216 -0.0589327 0.0010742 -0.0006512 -0.0645985 0.0033412 0.0015407 0.0003600 0.0019122 -0.0015118 0.0039592 0.0020712 -0.0030667 0.0011247 0.0029694 -0.0026355 -0.0839228 -0.0037162
-0.0039549 0.0033898 -0.0005931 -0.0028843 -0.0070860 -0.0002728 -0.0030422 -0.0069592 -0.0665599 -0.0671834 -0.0019459 1.0434961 0.0020478 0.0024292 0.0014945 -0.0020997 0.0017568 0.0018470 0.0024776 -0.0012881 -0.0013396 -0.0020765 -0.0022709 -0.0659766 -0.0044689 -0.0677929 -0.0002806 -0.0650650 0.0018170 0.0063516 0.0015229 0.0030018 0.0020257 -0.0015529 -0.0001742 -0.0017669 0.0034412 -0.0032353 -0.0035161 0.0008750 -0.0007091 0.0058986 0.0017222 0.0034817 -0.0632950 -0.0016200 -0.0004222 -0.0701301 0.0033269 0.0051159 0.0073402 -0.0022108 -0.0060426 0.0008978 -0.0003561 0.0021618 -0.0004330 -0.0039872 -0.0049609 -0.0886392 -0.0010208
0.0016068 0.0036451 0.0004143 0.0047397 -0.0057768 0.0058749 0.0010666 -0.0092335 -0.0686957 -0.0742376 -0.0022988 0.0020478 1.0334361 -0.0020927 0.0067868 -0.0017566 0.0062649 0.0024392 0.0013488 -0.0012173 -0.0020889 0.0019839 0.0003863 -0.0754686 0.0017647 -0.0691917 0.0067133 -0.0647328 0.0085051 -0.0005539 -0.0034707 0.0025313 -0.0000139 -0.0027690 -0.0014640 -0.0036234 0.0074747 -0.0004935 0.0025928 0.0029485 0.0019790 0.0115585 -0.0003195 0.0066564 -0.0685529 0.0021320 0.0002648 -0.0722114 0.0032529 0.0006986 0.0024890 0.0017085 0.0001164 0.0017868 0.0001698 -0.0016067 0.0040408 -0.0044303 0.0002067 -0.0862987 0.0000616
0.0001097 0.0012973 0.0025292 0.0003492 -0.0024427 -0.0024314 -0.0026767 -0.0089934 -0.0742988 -0.0718711 -0.0003373 0.0024292 -0.0020927 1.0352755 0.0014397 0.0037207 -0.0007106 -0.0005335 0.0023421 0.0016353 0.0072072 -0.0017457 0.0036141 -0.0700249 0.0015724 -0.0749879 0.0010348 -0.0706163 0.0027871 0.0073818 0.0009723 -0.0011989 0.0082651 -0.0051787 -0.0004980 -0.0020133 0.0029639 0.0005601 -0.0041828 0.0013410 0.0012414 0.0017266 0.0032706 0.0040871 -0.0620582 0.0027024 0.0020771 -0.0722097 0.0054956 0.0064786 0.0042629 0.0069040 -0.0007064 0.0096207 -0.0005727 0.0069188 0.0038721 -0.0021209 -0.0036880 -0.0999046 0.0025311
0.0016103 0.0023127 0.0007436 0.0040719 0.0006313 0.0051021 0.0028112 -0.0100308 -0.0707850 -0.0723525 0.0013861 0.0014945 0.0067868 0.0014397 1.0338762 0.0003046 0.0023154 0.0001310 0.0052003 0.0024033 0.0049518 0.0025549 0.0009085 -0.0744176 0.0003934 -0.0746071 0.0018696 -0.0643061 0.0033896 0.0043663 -0.0018758 0.0023289 0.0006828 0.0025951 -0.0018208 -0.0001044 0.0057498 0.0011800 -0.0014867 0.0005537 0.0022046 0.0040022 0.0046418 0.0009080 -0.0729126 0.0037357 0.0047690 -0.0708668 0.0010364 0.0030936 0.0002953 0.0054403 0.0002633 0.0063031 0.0060620 0.0020682 0.0070994 0.0025974 0.0034787 -0.0973734 0.0017111
0.0043179 0.0049084 0.0020854 -0.0006676 -0.0037387 0.0016217 0.0002521 -0.0099154 -0.0641004 -0.0585843 0.0041723 -0.0020997 -0.0017566 0.0037207 0.0003046 1.0212277 0.0032581 -0.0030630 0.0003570 -0.0016297 -0.0018577 0.0008399 0.0007080 -0.0647762 0.0030530 -0.0644934 -0.0018962 -0.0579406 0.0064545 0.0031091 0.0000970 0.0007123 0.0055349 -0.0037142 -0.0038996 -0.0010820 0.0002379 -0.0018810 -0.0033930 0.0019636 -0.0006037 0.0024997 -0.0006858 0.0087762 -0.0531983 -0.0022044 0.0003557 -0.0605155 0.0051929 0.0008347 0.0037215 -0.0005517 0.0057592 0.0049277 -0.0005437 -0.0034642 0.0067136 -0.0033023 -0.0024824 -0.0859012 0.0026219
0.0040560 0.0079602 0.0072525 0.0001724 0.0007638 0.0014456 0.0021818 -0.0096280 -0.0673540 -0.0651400 -0.0001827 0.0017568 0.0062649 -0.0007106 0.0023154 0.0032581 1.0180304 0.0034056 0.0045308 0.0000353 0.0029602 0.0001826 0.0006509 -0.0656815 0.0007658 -0.0633083 0.0014800 -0.0636482 0.0019981 0.0030117 -0.0010561 0.0038563 0.0037097 -0.0011453 0.0027088 0.0033937 0.0028249 0.0002038 0.0020462 0.0008902 0.0011165 0.0028552 0.0009227 0.0045105 -0.0641083 -0.0008790 -0.0011016 -0.0623224 0.0026230 0.0024536 0.0058202 0.0023999 0.0021713 0.0049830 -0.0000763 0.0014642 0.0037941 -0.0008637 0.0025386 -0.0908697 0.0019385
0.0064735 0.0011242 -0.0002264 0.0033814 0.0003250 0.0006298 -0.0030643 -0.0117730 -0.0683092 -0.0764080 -0.0022485 0.0018470 0.0024392 -0.0005335 0.0001310 -0.0030630 0.0034056 1.0450317 0.0039879 0.0010383 0.0017342 0.0003677 0.0020526 -0.0795159 0.0007931 -0.0752160 -0.0013563 -0.0741484 0.0020544 0.0033529 -0.0001178 0.0064482 0.0011317 -0.0004312 -0.0034548 -0.0032802 0.0040061 0.0019131 0.0020041 -0.0039180 0.0025100 0.0025765 0.0018705 0.0023701 -0.0820011 -0.0008941 0.0007348 -0.0800656 0.0026178 0.0064568 0.0053634 0.0037694 -0.0016934 0.0052018 -0.0004824 0.0026806 0.0002192 -0.0021707 -0.0037576 -0.1033976 0.0005039
0.0012385 0.0029165 0.0044170 0.0063164 -0.0008219 0.0023215 -0.0006787 -0.0084417 -0.0665156 -0.0692250 0.0008259 0.0024776 0.0013488 0.0023421 0.0052003 0.0003570 0.0045308 0.0039879 1.0231922 0.0048133 0.0037687 0.0020615 0.0051074 -0.0728768 0.0037001 -0.0684673 0.0017826 -0.0651042 0.0039334 0.0066363 -0.0010477 0.0023127 0.0054413 0.0010766 0.0009306 0.0014047 0.0054937 0.0008514 0.0021246 0.0022162 0.0040431 0.0051229 0.0032545 0.0028729 -0.0694243 0.0031292 0.0017339 -0.0682469 0.0024088 0.0046572 0.0012728 0.0053704 0.0018410 0.0062787 0.0047337 0.0008706 0.0026873 -0.0004269 0.0053607 -0.0900316 0.0018904
-0.0007477 0.0004207 -0.0009126 0.0007050 -0.0013680 0.0061752 0.0041809 -0.0107191 -0.0755985 -0.0747693 -0.0005619 -0.0012881 -0.0012173 0.0016353 0.0024033 -0.0016297 0.0000353 0.0010383 0.0048133 1.0318338 0.0018107 0.0013611 0.0066164 -0.0773630 -0.0004394 -0.0713255 0.0045597 -0.0573313 0.0033145 0.0061287 -0.0039771 0.0076556 0.0005489 -0.0028625 -0.0032984 0.0007145 0.0046749 0.0018884 0.0028124 -0.0051682 0.0065822 0.0024330 0.0019320 -0.0003220 -0.0765848 -0.0016554 0.0084835 -0.0759858 0.0008843 0.0027451 0.0015944 0.0048288 0.0018964 0.0027391 0.0037610 0.0032770 0.0020768 0.0051370 0.0004594 -0.0994218 0.0022297
-0.0003803 0.0009776 0.0029023 0.0033058 -0.0030446 0.0044733 -0.0025885 -0.0080596 -0.0664439 -0.0724359 -0.0025382 -0.0013396 -0.0020889 0.0072072 0.0049518 -0.0018577 0.0029602 0.0017342 0.0037687 0.0018107 1.0362335 -0.0005386 0.0039711 -0.0708509 0.0003946 -0.0689904 -0.0030800 -0.0645667 0.0049077 0.0004626 -0.0020696 0.0031511 0.0015425 -0.0006250 0.0013148 0.0018830 0.0022622 0.0014813 0.0004079 0.0001453 0.0042421 0.0012302 0.0021496 0.0002722 -0.0727724 -0.0046813 0.0007480 -0.0713515 -0.0002911 0.0043408 -0.0001027 0.0099702 0.0017904 0.0050811 0.0040792 0.0003880 -0.0007831 -0.0001998 0.0001358 -0.0895493 0.0016813
0.0032935 -0.0018815 -0.0002141 -0.0006038 -0.0027686 0.0032054 0.0018047 -0.0118708 -0.0743682 -0.0780702 -0.0013411 -0.0020765 0.0019839 -0.0017457 0.0025549 0.0008399 0.0001826 0.0003677 0.0020615 0.0013611 -0.0005386 1.0454309 0.0003462 -0.0804576 0.0007410 -0.0740697 0.0040471 -0.0716809 0.0046056 0.0084408 -0.0028395 0.0044490 0.0022008 -0.0021763 -0.0037573 -0.0008083 0.0063547 0.0020026 0.0044615 -0.0008986 0.0016972 0.0054311 0.0010976 -0.0006564 -0.0744926 0.0001873 0.0007840 -0.0782820 0.0035116 0.0033887 -0.0009620 -0.0010448 -0.0006470 0.0075305 0.0031212 -0.0023339 0.0059442 -0.0002904 -0.0000697 -0.1002405 -0.0029633
0.0022225 0.0005332 0.0069181 0.0032060 -0.0013870 0.0003560 0.0000958 0.0039088 -0.0744457 -0.0749802 0.0012898 -0.0022709 0.0003863 0.0036141 0.0009085 0.0007080 0.0006509 0.0020526 0.0051074 0.0066164 0.0039711 0.0003462 1.0275893 -0.0764704 0.0037231 -0.0719519 0.0068466 -0.0684469 0.0027718 0.0039390 0.0002217 0.0024628 0.0052857 -0.0007172 -0.0010738 0.0009251 0.0042755 0.0012173 0.0007797 -0.0039953 0.0013058 0.0050024 0.0075219 0.0029673 -0.0754667 -0.0022406 0.0018933 -0.0741065 0.0017191 0.0068856 0.0044468 0.0050120 0.0046092 0.0091282 0.0028027 -0.0000220 0.0046690 0.0016713 0.0061539 -0.1002994 -0.0003304
-0.0721728 -0.0747318 -0.0730518 -0.0794251 -0.0500005 -0.0720839 -0.0651643 -0.0052363 0.3234822 0.3256772 -0.0657412 -0.0659766 -0.0754686 -0.0700249 -0.0744176 -0.0647762 -0.0656815 -0.0795159 -0.0728768 -0.0773630 -0.0708509 -0.0804576 -0.0764704 1.3377517 -0.0715296 0.3274059 -0.0744270 0.2992707 -0.0799230 -0.0748656 -0.0515990 -0.0723784 -0.0754475 -0.0456202 -0.0508304 -0.0613945 -0.0771129 -0.0756029 -0.0666742 -0.0642032 -0.0677075 -0.0816089 -0.0663671 -0.0745375 0.3227428 -0.0667131 -0.0671858 0.3413675 -0.0715493 -0.0698691 -0.0677039 -0.0764033 -0.0646763 -0.0838741 -0.0683153 -0.0633579 -0.0623610 -0.0589478 -0.0576586 0.4718011 -0.0618668
-0.0020959 -0.0000268 -0.0006744 0.0017616 -0.0012803 0.0005536 0.0006806 -0.0108336 -0.0666027 -0.0700884 -0.0023956 -0.0044689 0.0017647 0.0015724 0.0003934 0.0030530 0.0007658 0.0007931 0.0037001 -0.0004394 0.0003946 0.0007410 0.0037231 -0.0715296 1.0330002 -0.0667533 -0.0030718 -0.0643298 -0.0026379 0.0012556 -0.0018477 0.0019029 0.0043866 -0.0042021 -0.0028073 0.0022754 0.0010047 -0.0020097 -0.0013572 -0.0076212 0.0034784 0.0097616 0.0011421 -0.0016175 -0.0696002 -0.0035510 0.0034951 -0.0687908 0.0011750 0.0019226 -0.0026445 0.0020720 0.0030014 0.0049242 0.0013388 -0.0007671 0.0023583 0.0009857 0.0029529 -0.0881414 -0.0006142
-0.0670312 -0.0675504 -0.0704774 -0.0798548 -0.0533903 -0.0757823 -0.0598617 -0.0090963 0.3117940 0.3177471 -0.0600235 -0.0677929 -0.0691917 -0.0749879 -0.0746071 -0.0644934 -0.0633083 -0.0752160 -0.0684673 -0.0713255 -0.0689904 -0.0740697 -0.0719519 0.3274059 -0.0667533 1.3259293 -0.0661823 0.2951307 -0.0808471 -0.0773847 -0.0569499 -0.0699784 -0.0802247 -0.0447400 -0.0474267 -0.0596781 -0.0732179 -0.0748528 -0.0635973 -0.0599304 -0.0631897 -0.0785834 -0.0591782 -0.0733040 0.3103653 -0.0690459 -0.0648518 0.3282273 -0.0672613 -0.0740603 -0.0658487 -0.0722281 -0.0686361 -0.0781937 -0.0668202 -0.0638867 -0.0644193 -0.0595434 -0.0613319 0.4642580 -0.0605855
-0.0012348 0.0016387 0.0042527 -0.0027015 -0.0007748 -0.0018125 -0.0000990 -0.0099009 -0.0685549 -0.0662609 -0.0003046 -0.0002806 0.0067133 0.0010348 0.0018696 -0.0018962 0.0014800 -0.0013563 0.0017826 0.0045597 -0.0030800 0.0040471 0.0068466 -0.0744270 -0.0030718 -0.0661823 1.0329256 -0.0630194 0.0031014 0.0083485 -0.0057038 0.0016663 0.0045407 -0.0050803 -0.0009241 -0.0021658 0.0057255 -0.0015897 0.0032191 0.0001595 0.0020272 0.0027760 -0.0006526 0.0024752 -0.0723775 0.0004882 -0.0014436 -0.0711112 0.0010346 0.0016653 0.0020634 0.0012365 -0.0004573 0.0033559 0.0023222 -0.0032021 0.0049029 -0.0036420 -0.0026809 -0.0874962 -0.0033943
-0.0627523 -0.0674204 -0.0665056 -0.0727325 -0.0485603 -0.0716896 -0.0541062 -0.0105910 0.2879626 0.2878712 -0.0581651 -0.0650650 -0.0647328 -0.0706163 -0.0643061 -0.0579406 -0.0636482 -0.0741484 -0.0651042 -0.0573313 -0.0645667 -0.0716809 -0.0684469 0.2992707 -0.0643298 0.2951307 -0.0630194 1.2835045 -0.0706434 -0.0744498 -0.0456391 -0.0678727 -0.0716763 -0.0413187 -0.0499483 -0.0553092 -0.0668890 -0.0730691 -0.0562050 -0.0567745 -0.0625049 -0.0754367 -0.0653086 -0.0679310 0.2867723 -0.0638337 -0.0585967 0.3024768 -0.0692185 -0.0690811 -0.0651294 -0.0694512 -0.0637241 -0.0754467 -0.0602366 -0.0603690 -0.0576442 -0.0544400 -0.0530770 0.4279713 -0.0586887
0.0049786 -0.0015039 0.0053204 0.0050166 -0.0046077 0.0045168 0.0046159 -0.0082842 -0.0784528 -0.0825365 0.0015719 0.0018170 0.0085051 0.0027871 0.0033896 0.0064545 0.0019981 0.0020544 0.0039334 0.0033145 0.0049077 0.0046056 0.0027718 -0.0799230 -0.0026379 -0.0808471 0.0031014 -0.0706434 1.0341960 0.0059708 0.0020458 0.0037506 0.0089724 -0.0000802 0.0025272 0.0000621 0.0065501 0.0080064 -0.0005594 0.0043628 0.0004608 0.0068937 0.0116613 0.0140219 -0.0747109 -0.0008519 0.0015679 -0.0823105 0.0083851 0.0056553 0.0078884 0.0022367 0.0075016 0.0028912 0.0043322 0.0019224 0.0041181 0.0011776 -0.0008413 -0.1024177 0.0027947
0.0030343 0.0023364 -0.0010402 0.0006470 0.0026414 0.0007579 0.0013271 -0.0058783 -0.0780109 -0.0746988 0.0035497 0.0063516 -0.0005539 0.0073818 0.0043663 0.0031091 0.0030117 0.0033529 0.0066363 0.0061287 0.0004626 0.0084408 0.0039390 -0.0748656 0.0012556 -0.0773847 0.0083485 -0.0744498 0.0059708 1.0297627 0.0006232 0.0051737 0.0097576 -0.0025637 0.0001330 -0.0013353 0.0067959 0.0039678 0.0014162 0.0015494 0.0023285 0.0037274 0.0052685 0.0111951 -0.0739696 -0.0000706 0.0004448 -0.0810134 0.0083309 0.0084231 0.0106798 0.0035198 0.0009011 0.0060252 0.0024863 0.0041662 0.0040454 -0.0000593 -0.0006841 -0.1050572 0.0027855
-0.0032593 -0.0047622 -0.0014225 -0.0051566 -0.0063114 -0.0044257 -0.0023596 -0.0014539 -0.0491242 -0.0583473 -0.0019814 0.0015229 -0.0034707 0.0009723 -0.0018758 0.0000970 -0.0010561 -0.0001178 -0.0010477 -0.0039771 -0.0020696 -0.0028395 0.0002217 -0.0515990 -0.0018477 -0.0569499 -0.0057038 -0.0456391 0.0020458 0.0006232 1.0321605 -0.0014482 0.0054960 -0.0032351 -0.0017143 -0.0028086 -0.0021597 -0.0043028 -0.0013967 -0.0051679 -0.0025272 -0.0033033 0.0024103 0.0021160 -0.0496636 -0.0008352 -0.0021745 -0.0553303 0.0011666 0.0032378 0.0056623 -0.0005210 -0.0017654 -0.0006295 -0.0018873 -0.0020710 -0.0004481 -0.0027729 -0.0038472 -0.0740270 -0.0008778
0.0005214 0.0034856 0.0005259 0.0038088 0.0019960 0.0061648 0.0014931 -0.0097713 -0.0697881 -0.0732405 0.0033470 0.0030018 0.0025313 -0.0011989 0.0023289 0.0007123 0.0038563 0.0064482 0.0023127 0.0076556 0.0031511 0.0044490 0.0024628 -0.0723784 0.0019029 -0.0699784 0.0016663 -0.0678727 0.0037506 0.0051737 -0.0014482 1.0183016 0.0034019 -0.0002513 -0.0019081 0.0004195 0.0060133 0.0018539 0.0003437 -0.0010241 0.0020181 0.0053934 0.0025142 0.0026689 -0.0710436 0.0009841 0.0018903 -0.0737629 0.0041465 0.0059759 0.0047398 0.0028695 0.0068588 0.0039083 0.0001653 0.0002194 0.0016969 0.0005925 0.0013144 -0.0977066 -0.0001454
0.0017691 -0.0009260 0.0003194 -0.0006776 -0.0024259 0.0015904 -0.0020165 -0.0063446 -0.0798573 -0.0799503 0.0016623 0.0020257 -0.0000139 0.0082651 0.0006828 0.0055349 0.0037097 0.0011317 0.0054413 0.0005489 0.0015425 0.0022008 0.0052857 -0.0754475 0.0043866 -0.0802247 0.0045407 -0.0716763 0.0089724 0.0097576 0.0054960 0.0034019 1.0324805 -0.0008444 0.0019600 -0.0010750 0.0030514 -0.0006058 -0.0034478 -0.0017634 0.0025050 0.0068261 0.0061615 0.0078614 -0.0737088 -0.0032032 0.0024155 -0.0767454 0.0052645 0.0095488 0.0081544 0.0054349 0.0003633 0.0037438 0.0013764 0.0040728 0.0022562 0.0033054 0.0002371 -0.1066955 0.0056646
-0.0036448 0.0021275 -0.0013889 -0.0015006 -0.0028011 0.0010068 -0.0054365 -0.0070540 -0.0334928 -0.0472291 -0.0020139 -0.0015529 -0.0027690 -0.0051787 0.0025951 -0.0037142 -0.0011453 -0.0004312 0.0010766 -0.0028625 -0.0006250 -0.0021763 -0.0007172 -0.0456202 -0.0042021 -0.0447400 -0.0050803 -0.0413187 -0.0000802 -0.0025637 -0.0032351 -0.0002513 -0.0008444 1.0081564 -0.0064292 -0.0033097 -0.0022258 -0.0044666 -0.0029987 0.0022298 -0.0000383 0.0002558 -0.0016331 -0.0027898 -0.0392399 0.0042964 -0.0003012 -0.0474571 -0.0035687 0.0006517 0.0000715 -0.0006435 -0.0015428 -0.0010758 -0.0007994 -0.0014292 -0.0002809 -0.0008542 -0.0019059 -0.0629224 -0.0017505
-0.0008895 -0.0020482 0.0032799 -0.0004471 -0.0026673 -0.0044156 -0.0027403 -0.0057172 -0.0544337 -0.0507358 0.0010006 -0.0001742 -0.0014640 -0.0004980 -0.0018208 -0.0038996 0.0027088 -0.0034548 0.0009306 -0.0032984 0.0013148 -0.0037573 -0.0010738 -0.0508304 -0.0028073 -0.0474267 -0.0009241 -0.0499483 0.0025272 0.0001330 -0.0017143 -0.0019081 0.0019600 -0.0064292 1.0447533 -0.0044069 -0.0002246 -0.0037365 -0.0006757 -0.0061950 -0.0026869 -0.0033973 0.0005494 0.0013934 -0.0460836 -0.0035830 -0.0039437 -0.0485118 0.0038092 0.0007330 0.0010498 0.0006893 -0.0046400 -0.0000008 -0.0038043 -0.0008655 -0.0005720 -0.0041797 -0.0018776 -0.0680325 -0.0031794
-0.0000632 -0.0017672 -0.0001561 0.0004720 -0.0061964 -0.0019651 -0.0037855 -0.0101735 -0.0574562 -0.0572216 0.0002999 -0.0017669 -0.0036234 -0.0020133 -0.0001044 -0.0010820 0.0033937 -0.0032802 0.0014047 0.0007145 0.0018830 -0.0008083 0.0009251 -0.0613945 0.0022754 -0.0596781 -0.0021658 -0.0553092 0.0000621 -0.0013353 -0.0028086 0.0004195 -0.0010750 -0.0033097 -0.0044069 1.0401081 0.0024389 -0.0015885 -0.0032025 -0.0046926 0.0012517 0.0035656 -0.0003485 -0.0023382 -0.0584325 -0.0036693 -0.0011874 -0.0573083 -0.0012816 0.0003707 -0.0002195 0.0030663 0.0021314 0.0064707 0.0011587 0.0025075 0.0001518 -0.0023017 0.0005368 -0.0769676 0.0015357
0.0039125 0.0017174 0.0055546 0.0034676 0.0006142 0.0043215 0.0044794 -0.0072720 -0.0706314 -0.0745290 0.0018854 0.0034412 0.0074747 0.0029639 0.0057498 0.0002379 0.0028249 0.0040061 0.0054937 0.0046749 0.0022622 0.0063547 0.0042755 -0.0771129 0.0010047 -0.0732179 0.0057255 -0.0668890 0.0065501 0.0067959 -0.0021597 0.0060133 0.0030514 -0.0022258 -0.0002246 0.0024389 1.0205088 0.0074604 0.0035624 0.0007413 0.0039814 0.0052801 0.0023705 0.0033241 -0.0740105 0.0025735 0.0018185 -0.0746977 0.0043262 0.0053393 0.0021041 0.0045952 0.0022662 0.0060910 0.0037936 0.0010388 0.0059363 0.0018027 0.0026339 -0.0954712 -0.0003203
0.0100209 -0.0002771 0.0022074 0.0069798 -0.0047852 0.0042441 -0.0048069 -0.0125259 -0.0693928 -0.0754866 -0.0020159 -0.0032353 -0.0004935 0.0005601 0.0011800 -0.0018810 0.0002038 0.0019131 0.0008514 0.0018884 0.0014813 0.0020026 0.0012173 -0.0756029 -0.0020097 -0.0748528 -0.0015897 -0.0730691 0.0080064 0.0039678 -0.0043028 0.0018539 -0.0006058 -0.0044666 -0.0037365 -0.0015885 0.0074604 1.0414212 -0.0028702 -0.0005844 0.0017138 0.0032283 0.0037433 0.0057399 -0.0757957 -0.0014611 0.0004728 -0.0780912 0.0099191 0.0022172 0.0021678 0.0028135 0.0033834 0.0091238 0.0005362 -0.0028878 0.0017502 -0.0008785 0.0008497 -0.1009183 0.0002367
0.0004499 0.0011963 0.0045934 -0.0021284 -0.0046226 -0.0038816 -0.0018918 -0.0076868 -0.0653827 -0.0604281 -0.0017456 -0.0035161 0.0025928 -0.0041828 -0.0014867 -0.0033930 0.0020462 0.0020041 0.0021246 0.0028124 0.0004079 0.0044615 0.0007797 -0.0666742 -0.0013572 -0.0635973 0.0032191 -0.0562050 -0.0005594 0.0014162 -0.0013967 0.0003437 -0.0034478 -0.0029987 -0.0006757 -0.0032025 0.0035624 -0.0028702 1.0397537 0.0011881 0.0012613 -0.0009913 -0.0010218 -0.0016841 -0.0650755 -0.0034933 -0.0016900 -0.0622111 -0.0023815 -0.0005430 0.0004378 -0.0003028 -0.0005767 0.0026607 0.0009416 -0.0040847 -0.0015889 -0.0017872 -0.0008101 -0.0836721 -0.0002488
0.0011639 0.0039080 0.0014153 0.0018551 -0.0070300 0.0008425 -0.0018433 -0.0111946 -0.0529255 -0.0583911 -0.0011966 0.0008750 0.0029485 0.0013410 0.0005537 0.0019636 0.0008902 -0.0039180 0.0022162 -0.0051682 0.0001453 -0.0008986 -0.0039953 -0.0642032 -0.0076212 -0.0599304 0.0001595 -0.0567745 0.0043628 0.0015494 -0.0051679 -0.0010241 -0.0017634 0.0022298 -0.0061950 -0.0046926 0.0007413 -0.0005844 0.0011881 1.0332654 -0.0015631 0.0033490 -0.0020575 0.0039002 -0.0524152 0.0042352 -0.0021871 -0.0653558 -0.0001189 -0.0007575 -0.0025057 -0.0035560 -0.0029614 0.0024952 -0.0013653 -0.0030805 0.0014523 -0.0041963 -0.0037822 -0.0810525 -0.0053220
0.0014584 0.0016035 -0.0009351 0.0039360 0.0027895 0.0038544 0.0032048 -0.0066154 -0.0663426 -0.0659816 -0.0004222 -0.0007091 0.0019790 0.0012414 0.0022046 -0.0006037 0.0011165 0.0025100 0.0040431 0.0065822 0.0042421 0.0016972 0.0013058 -0.0677075 0.0034784 -0.0631897 0.0020272 -0.0625049 0.0004608 0.0023285 -0.0025272 0.0020181 0.0025050 -0.0000383 -0.0026869 0.0012517 0.0039814 0.0017138 0.0012613 -0.0015631 1.0237740 0.0058935 0.0027349 0.0000384 -0.0663024 0.0016099 0.0006882 -0.0677969 0.0017438 0.0033033 0.0022438 0.0029869 0.0010722 0.0063420 0.0016423 0.0019390 0.0029520 0.0019030 -0.0011853 -0.0858174 0.0021955
0.0046787 0.0047121 0.0028141 0.0064263 -0.0029320 0.0100616 0.0060511 -0.0079369 -0.0730235 -0.0789700 0.0006028 0.0058986 0.0115585 0.0017266 0.0040022 0.0024997 0.0028552 0.0025765 0.0051229 0.0024330 0.0012302 0.0054311 0.0050024 -0.0816089 0.0097616 -0.0785834 0.0027760 -0.0754367 0.0068937 0.0037274 -0.0033033 0.0053934 0.0068261 0.0002558 -0.0033973 0.0035656 0.0052801 0.0032283 -0.0009913 0.0033490 0.0058935 1.0199251 0.0036978 0.0026899 -0.0764796 0.0042940 0.0030853 -0.0808454 0.0065052 0.0064906 0.0053573 0.0058391 0.0015602 0.0077185 0.0037272 0.0018159 0.0059682 -0.0014855 0.0016208 -0.1005389 0.0021013
0.0014256 0.0013557 0.0025867 0.0019517 -0.0016934 0.0005877 -0.0011085 -0.0068380 -0.0676582 -0.0707776 0.0001532 0.0017222 -0.0003195 0.0032706 0.0046418 -0.0006858 0.0009227 0.0018705 0.0032545 0.0019320 0.0021496 0.0010976 0.0075219 -0.0663671 0.0011421 -0.0591782 -0.0006526 -0.0653086 0.0116613 0.0052685 0.0024103 0.0025142 0.0061615 -0.0016331 0.0005494 -0.0003485 0.0023705 0.0037433 -0.0010218 -0.0020575 0.0027349 0.0036978 1.0508016 0.0049806 -0.0661109 -0.0007485 0.0015886 -0.0699405 0.0079423 0.0063037 0.0041941 0.0034641 -0.0008644 0.0063468 0.0081811 0.0048746 0.0012474 0.0013175 0.0041187 -0.0923318 0.0008316
0.0036299 0.0067970 0.0058158 0.0000640 -0.0025190 0.0035220 -0.0019866 -0.0076853 -0.0741609 -0.0740768 0.0005216 0.0034817 0.0066564 0.0040871 0.0009080 0.0087762 0.0045105 0.0023701 0.0028729 -0.0003220 0.0002722 -0.0006564 0.0029673 -0.0745375 -0.0016175 -0.0733040 0.0024752 -0.0679310 0.0140219 0.0111951 0.0021160 0.0026689 0.0078614 -0.0027898 0.0013934 -0.0023382 0.0033241 0.0057399 -0.0016841 0.0039002 0.0000384 0.0026899 0.0049806 1.0342954 -0.0712003 0.0020343 0.0022352 -0.0750263 0.0091110 0.0058399 0.0145474 0.0020765 0.0022143 0.0050335 0.0032035 0.0012112 0.0026960 0.0011791 -0.0007323 -0.1000854 0.0010980
-0.0641293 -0.0690128 -0.0710249 -0.0796343 -0.0496389 -0.0722075 -0.0577872 -0.0027869 0.3128267 0.3075263 -0.0589327 -0.0632950 -0.0685529 -0.0620582 -0.0729126 -0.0531983 -0.0641083 -0.0820011 -0.0694243 -0.0765848 -0.0727724 -0.0744926 -0.0754667 0.3227428 -0.0696002 0.3103653 -0.0723775 0.2867723 -0.0747109 -0.0739696 -0.0496636 -0.0710436 -0.0737088 -0.0392399 -0.0460836 -0.0584325 -0.0740105 -0.0757957 -0.0650755 -0.0524152 -0.0663024 -0.0764796 -0.0661109 -0.0712003 1.3138313 -0.0681483 -0.0657621 0.3247149 -0.0671904 -0.0671076 -0.0660828 -0.0727977 -0.0665510 -0.0804004 -0.0668390 -0.0630466 -0.0547600 -0.0597190 -0.0613668 0.4484621 -0.0623875
-0.0008946 -0.0032008 0.0030052 0.0025015 -0.0041522 0.0045225 -0.0056920 -0.0089918 -0.0575391 -0.0628697 0.0010742 -0.0016200 0.0021320 0.0027024 0.0037357 -0.0022044 -0.0008790 -0.0008941 0.0031292 -0.0016554 -0.0046813 0.0001873 -0.0022406 -0.0667131 -0.0035510 -0.0690459 0.0004882 -0.0638337 -0.0008519 -0.0000706 -0.0008352 0.0009841 -0.0032032 0.0042964 -0.0035830 -0.0036693 0.0025735 -0.0014611 -0.0034933 0.0042352 0.0016099 0.0042940 -0.0007485 0.0020343 -0.0681483 1.0174130 -0.0018982 -0.0641484 -0.0017622 0.0026939 -0.0004652 0.0010441 -0.0055672 0.0033401 0.0044274 -0.0023132 0.0009543 -0.0002234 -0.0025511 -0.0912813 -0.0019904
-0.0000956 0.0055505 0.0024005 0.0000614 -0.0017477 0.0075605 -0.0004716 -0.0092466 -0.0634534 -0.0642510 -0.0006512 -0.0004222 0.0002648 0.0020771 0.0047690 0.0003557 -0.0011016 0.0007348 0.0017339 0.0084835 0.0007480 0.0007840 0.0018933 -0.0671858 0.0034951 -0.0648518 -0.0014436 -0.0585967 0.0015679 0.0004448 -0.0021745 0.0018903 0.0024155 -0.0003012 -0.0039437 -0.0011874 0.0018185 0.0004728 -0.0016900 -0.0021871 0.0006882 0.0030853 0.0015886 0.0022352 -0.0657621 -0.0018982 1.0254328 -0.0614223 0.0020287 0.0026448 0.0004695 0.0050824 0.0010594 0.0038321 0.0052914 0.0017051 0.0019371 0.0031618 0.0005296 -0.0856100 0.0056842
-0.0712098 -0.0735139 -0.0711393 -0.0796107 -0.0547064 -0.0762827 -0.0661661 -0.0072190 0.3221318 0.3279142 -0.0645985 -0.0701301 -0.0722114 -0.0722097 -0.0708668 -0.0605155 -0.0623224 -0.0800656 -0.0682469 -0.0759858 -0.0713515 -0.0782820 -0.0741065 0.3413675 -0.0687908 0.3282273 -0.0711112 0.3024768 -0.0823105 -0.0810134 -0.0553303 -0.0737629 -0.0767454 -0.0474571 -0.0485118 -0.0573083 -0.0746977 -0.0780912 -0.0622111 -0.0653558 -0.0677969 -0.0808454 -0.0699405 -0.0750263 0.3247149 -0.0641484 -0.0614223 1.3359760 -0.0750354 -0.0703257 -0.0656501 -0.0725179 -0.0691936 -0.0799360 -0.0671847 -0.0644601 -0.0614244 -0.0593027 -0.0588358 0.4737389 -0.0596413
0.0030600 0.0064275 0.0022642 0.0018586 -0.0000487 0.0043996 0.0039892 -0.0078128 -0.0727723 -0.0749782 0.0033412 0.0033269 0.0032529 0.0054956 0.0010364 0.0051929 0.0026230 0.0026178 0.0024088 0.0008843 -0.0002911 0.0035116 0.0017191 -0.0715493 0.0011750 -0.0672613 0.0010346 -0.0692185 0.0083851 0.0083309 0.0011666 0.0041465 0.0052645 -0.0035687 0.0038092 -0.0012816 0.0043262 0.0099191 -0.0023815 -0.0001189 0.0017438 0.0065052 0.0079423 0.0091110 -0.0671904 -0.0017622 0.0020287 -0.0750354 1.0248635 0.0046279 0.0071746 0.0032139 0.0067473 0.0032543 0.0009886 0.0084118 0.0060972 0.0002616 0.0000942 -0.0990221 0.0018030
0.0018767 0.0028974 0.0021830 0.0043759 0.0010006 0.0020997 0.0011913 -0.0061721 -0.0659945 -0.0737526 0.0015407 0.0051159 0.0006986 0.0064786 0.0030936 0.0008347 0.0024536 0.0064568 0.0046572 0.0027451 0.0043408 0.0033887 0.0068856 -0.0698691 0.0019226 -0.0740603 0.0016653 -0.0690811 0.0056553 0.0084231 0.0032378 0.0059759 0.0095488 0.0006517 0.0007330 0.0003707 0.0053393 0.0022172 -0.0005430 -0.0007575 0.0033033 0.0064906 0.0063037 0.0058399 -0.0671076 0.0026939 0.0026448 -0.0703257 0.0046279 1.0204190 0.0049624 0.0081836 0.0006380 0.0071208 0.0018715 0.0033181 0.0035696 -0.0002527 0.0007835 -0.0967072 0.0002059
0.0011858 0.0028879 0.0009640 0.0001331 -0.0036960 0.0027105 -0.0038571 -0.0069106 -0.0679989 -0.0696765 0.0003600 0.0073402 0.0024890 0.0042629 0.0002953 0.0037215 0.0058202 0.0053634 0.0012728 0.0015944 -0.0001027 -0.0009620 0.0044468 -0.0677039 -0.0026445 -0.0658487 0.0020634 -0.0651294 0.0078884 0.0106798 0.0056623 0.0047398 0.0081544 0.0000715 0.0010498 -0.0002195 0.0021041 0.0021678 0.0004378 -0.0025057 0.0022438 0.0053573 0.0041941 0.0145474 -0.0660828 -0.0004652 0.0004695 -0.0656501 0.0071746 0.0049624 1.0334991 0.0018234 0.0047853 0.0049264 0.0007767 0.0009456 0.0033794 -0.0005221 -0.0015270 -0.0927388 0.0008320
0.0052688 0.0013433 0.0034157 0.0050188 -0.0008822 0.0042275 -0.0010465 -0.0087996 -0.0701085 -0.0728509 0.0019122 -0.0022108 0.0017085 0.0069040 0.0054403 -0.0005517 0.0023999 0.0037694 0.0053704 0.0048288 0.0099702 -0.0010448 0.0050120 -0.0764033 0.0020720 -0.0722281 0.0012365 -0.0694512 0.0022367 0.0035198 -0.0005210 0.0028695 0.0054349 -0.0006435 0.0006893 0.0030663 0.0045952 0.0028135 -0.0003028 -0.0035560 0.0029869 0.0058391 0.0034641 0.0020765 -0.0727977 0.0010441 0.0050824 -0.0725179 0.0032139 0.0081836 0.0018234 1.0378135 0.0024200 0.0076265 0.0034833 0.0040664 0.0033168 0.0005503 0.0015726 -0.0973893 0.0040661
0.0047355 0.0070687 0.0028134 0.0006523 0.0049550 0.0076044 0.0007242 -0.0095059 -0.0735435 -0.0698126 -0.0015118 -0.0060426 0.0001164 -0.0007064 0.0002633 0.0057592 0.0021713 -0.0016934 0.0018410 0.0018964 0.0017904 -0.0006470 0.0046092 -0.0646763 0.0030014 -0.0686361 -0.0004573 -0.0637241 0.0075016 0.0009011 -0.0017654 0.0068588 0.0003633 -0.0015428 -0.0046400 0.0021314 0.0022662 0.0033834 -0.0005767 -0.0029614 0.0010722 0.0015602 -0.0008644 0.0022143 -0.0665510 -0.0055672 0.0010594 -0.0691936 0.0067473 0.0006380 0.0047853 0.0024200 1.0303297 0.0015919 0.0026870 -0.0030657 0.0059151 -0.0024898 0.0051258 -0.0913239 0.0008137
0.0151041 0.0024850 0.0033679 0.0049003 -0.0013419 0.0070635 0.0001743 -0.0090596 -0.0771442 -0.0810701 0.0039592 0.0008978 0.0017868 0.0096207 0.0063031 0.0049277 0.0049830 0.0052018 0.0062787 0.0027391 0.0050811 0.0075305 0.0091282 -0.0838741 0.0049242 -0.0781937 0.0033559 -0.0754467 0.0028912 0.0060252 -0.0006295 0.0039083 0.0037438 -0.0010758 -0.0000008 0.0064707 0.0060910 0.0091238 0.0026607 0.0024952 0.0063420 0.0077185 0.0063468 0.0050335 -0.0804004 0.0033401 0.0038321 -0.0799360 0.0032543 0.0071208 0.0049264 0.0076265 0.0015919 1.0208094 0.0030435 0.0011252 0.0039256 0.0016631 0.0029075 -0.1076215 0.0018459
-0.0006332 0.0033812 0.0032793 0.0025455 -0.0009120 0.0028771 -0.0016524 -0.0087207 -0.0661532 -0.0665661 0.0020712 -0.0003561 0.0001698 -0.0005727 0.0060620 -0.0005437 -0.0000763 -0.0004824 0.0047337 0.0037610 0.0040792 0.0031212 0.0028027 -0.0683153 0.0013388 -0.0668202 0.0023222 -0.0602366 0.0043322 0.0024863 -0.0018873 0.0001653 0.0013764 -0.0007994 -0.0038043 0.0011587 0.0037936 0.0005362 0.0009416 -0.0013653 0.0016423 0.0037272 0.0081811 0.0032035 -0.0668390 0.0044274 0.0052914 -0.0671847 0.0009886 0.0018715 0.0007767 0.0034833 0.0026870 0.0030435 1.0167096 0.0000567 0.0023275 0.0024511 -0.0012812 -0.0883446 0.0026703
-0.0011378 -0.0034345 -0.0017708 0.0027962 -0.0041901 0.0012033 -0.0055606 -0.0086198 -0.0633759 -0.0640983 -0.0030667 0.0021618 -0.0016067 0.0069188 0.0020682 -0.0034642 0.0014642 0.0026806 0.0008706 0.0032770 0.0003880 -0.0023339 -0.0000220 -0.0633579 -0.0007671 -0.0638867 -0.0032021 -0.0603690 0.0019224 0.0041662 -0.0020710 0.0002194 0.0040728 -0.0014292 -0.0008655 0.0025075 0.0010388 -0.0028878 -0.0040847 -0.0030805 0.0019390 0.0018159 0.0048746 0.0012112 -0.0630466 -0.0023132 0.0017051 -0.0644601 0.0084118 0.0033181 0.0009456 0.0040664 -0.0030657 0.0011252 0.0000567 1.0403976 0.0022524 -0.0014075 -0.0024172 -0.0863792 -0.0023032
0.0026421 0.0041976 0.0039839 0.0012190 0.0023128 0.0039387 0.0049624 -0.0088403 -0.0634181 -0.0638545 0.0011247 -0.0004330 0.0040408 0.0038721 0.0070994 0.0067136 0.0037941 0.0002192 0.0026873 0.0020768 -0.0007831 0.0059442 0.0046690 -0.0623610 0.0023583 -0.0644193 0.0049029 -0.0576442 0.0041181 0.0040454 -0.0004481 0.0016969 0.0022562 -0.0002809 -0.0005720 0.0001518 0.0059363 0.0017502 -0.0015889 0.0014523 0.0029520 0.0059682 0.0012474 0.0026960 -0.0547600 0.0009543 0.0019371 -0.0614244 0.0060972 0.0035696 0.0033794 0.0033168 0.0059151 0.0039256 0.0023275 0.0022524 1.0101572 0.0008599 0.0012399 -0.0863106 0.0025566
-0.0018187 -0.0012518 0.0002617 -0.0023399 -0.0033693 0.0001606 -0.0001590 -0.0094688 -0.0589858 -0.0556372 0.0029694 -0.0039872 -0.0044303 -0.0021209 0.0025974 -0.0033023 -0.0008637 -0.0021707 -0.0004269 0.0051370 -0.0001998 -0.0002904 0.0016713 -0.0589478 0.0009857 -0.0595434 -0.0036420 -0.0544400 0.0011776 -0.0000593 -0.0027729 0.0005925 0.0033054 -0.0008542 -0.0041797 -0.0023017 0.0018027 -0.0008785 -0.0017872 -0.0041963 0.0019030 -0.0014855 0.0013175 0.0011791 -0.0597190 -0.0002234 0.0031618 -0.0593027 0.0002616 -0.0002527 -0.0005221 0.0005503 -0.0024898 0.0016631 0.0024511 -0.0014075 0.0008599 1.0303897 -0.0019804 -0.0767892 -0.0019895
-0.0015546 0.0028289 0.0003175 0.0059578 0.0009916 0.0031474 -0.0035996 -0.0096567 -0.0588630 -0.0604978 -0.0026355 -0.0049609 0.0002067 -0.0036880 0.0034787 -0.0024824 0.0025386 -0.0037576 0.0053607 0.0004594 0.0001358 -0.0000697 0.0061539 -0.0576586 0.0029529 -0.0613319 -0.0026809 -0.0530770 -0.0008413 -0.0006841 -0.0038472 0.0013144 0.0002371 -0.0019059 -0.0018776 0.0005368 0.0026339 0.0008497 -0.0008101 -0.0037822 -0.0011853 0.0016208 0.0041187 -0.0007323 -0.0613668 -0.0025511 0.0005296 -0.0588358 0.0000942 0.0007835 -0.0015270 0.0015726 0.0051258 0.0029075 -0.0012812 -0.0024172 0.0012399 -0.0019804 1.0369211 -0.0811535 -0.0007347
-0.0923850 -0.0974181 -0.0921602 -0.1053424 -0.0747399 -0.0996726 -0.0846659 0.0042373 0.4517234 0.4527467 -0.0839228 -0.0886392 -0.0862987 -0.0999046 -0.0973734 -0.0859012 -0.0908697 -0.1033976 -0.0900316 -0.0994218 -0.0895493 -0.1002405 -0.1002994 0.4718011 -0.0881414 0.4642580 -0.0874962 0.4279713 -0.1024177 -0.1050572 -0.0740270 -0.0977066 -0.1066955 -0.0629224 -0.0680325 -0.0769676 -0.0954712 -0.1009183 -0.0836721 -0.0810525 -0.0858174 -0.1005389 -0.0923318 -0.1000854 0.4484621 -0.0912813 -0.0856100 0.4737389 -0.0990221 -0.0967072 -0.0927388 -0.0973893 -0.0913239 -0.1076215 -0.0883446 -0.0863792 -0.0863106 -0.0767892 -0.0811535 1.6169626 -0.0818982
0.0007022 -0.0002066 0.0023999 0.0016283 -0.0021635 -0.0012770 -0.0040319 -0.0088533 -0.0591310 -0.0595004 -0.0037162 -0.0010208 0.0000616 0.0025311 0.0017111 0.0026219 0.0019385 0.0005039 0.0018904 0.0022297 0.0016813 -0.0029633 -0.0003304 -0.0618668 -0.0006142 -0.0605855 -0.0033943 -0.0586887 0.0027947 0.0027855 -0.0008778 -0.0001454 0.0056646 -0.0017505 -0.0031794 0.0015357 -0.0003203 0.0002367 -0.0002488 -0.0053220 0.0021955 0.0021013 0.0008316 0.0010980 -0.0623875 -0.0019904 0.0056842 -0.0596413 0.0018030 0.0002059 0.0008320 0.0040661 0.0008137 0.0018459 0.0026703 -0.0023032 0.0025566 -0.0019895 -0.0007347 -0.0818982 1.0280321
