1.0259556 0.0077935 0.0035331 -0.1014447 -0.1026341 0.0116252 0.0097135 0.0047915 0.0073731 0.0088786 0.0144936 -0.0703756 0.0126959 0.0157016 0.0096640 0.0093492 0.0110238 -0.0739764 0.0052911 0.0093333 0.0109257 0.0051581 0.0108015 -0.0707315 0.0095306 0.0070256 0.0048755 0.0107597 0.0086205 0.0140549 0.0098192 -0.0627147 0.0077825 0.0086395 0.0016034 0.0102676 0.0096397 -0.0721601 0.0097574 0.0104181 0.0087494 0.0112917 0.0111698 0.0086273 -0.0692404 -0.1109802 0.0071104 0.0070005 0.0090563 -0.0664751 0.0077294 0.0112387 0.0051729 0.0104558 0.0097990
0.0077935 1.0411617 0.0000056 -0.1167535 -0.1185461 0.0107741 0.0091978 0.0073231 0.0114821 0.0097843 0.0164570 -0.0765718 0.0115172 0.0083018 0.0098667 0.0108247 0.0062167 -0.0735633 0.0092103 0.0020624 0.0096922 0.0043894 0.0121582 -0.0769764 0.0032625 0.0115660 0.0011892 0.0124473 0.0098642 0.0148593 0.0094134 -0.0802011 0.0046951 0.0139015 0.0018999 0.0109868 0.0012137 -0.0782617 0.0092002 0.0122520 0.0081188 0.0079795 0.0033207 0.0079363 -0.0794705 -0.1196320 0.0118247 0.0035981 0.0118747 -0.0750975 0.0085171 0.0082657 0.0022104 0.0077774 0.0187922
0.0035331 0.0000056 1.0397594 -0.0904696 -0.0880721 0.0030666 0.0071932 0.0011665 0.0061829 0.0052242 0.0039202 -0.0610242 0.0042630 0.0017136 0.0090591 0.0060905 -0.0002923 -0.0448923 0.0126762 0.0056620 0.0022666 0.0000302 0.0016888 -0.0629004 -0.0019587 0.0006933 0.0058579 0.0054247 0.0067335 0.0032247 0.0035032 -0.0581253 0.0037489 -0.0021698 0.0046841 0.0053809 0.0051930 -0.0642860 0.0012976 0.0054960 0.0059744 0.0037411 0.0013708 0.0063380 -0.0613659 -0.0943943 0.0031921 0.0054568 0.0021675 -0.0589935 0.0003016 0.0067386 -0.0026858 0.0032545 0.0040330
-0.1014447 -0.1167535 -0.0904696 1.4915138 0.5629570 -0.1072282 -0.1099031 -0.0987727 -0.1164698 -0.1066029 -0.1470818 0.3431676 -0.1197910 -0.1097178 -0.1119020 -0.1174227 -0.1040715 0.3164046 -0.1009315 -0.0984006 -0.1031400 -0.0932238 -0.1156220 0.3278958 -0.0986343 -0.1037246 -0.0780929 -0.1115776 -0.1097671 -0.1486897 -0.1169727 0.3264784 -0.0879578 -0.1162934 -0.0608408 -0.1091777 -0.0897565 0.3459747 -0.1099776 -0.1194361 -0.0933007 -0.1033246 -0.0786875 -0.0895118 0.3400475 0.5583174 -0.1000565 -0.0917026 -0.1170344 0.3099415 -0.0791485 -0.0896135 -0.0846097 -0.1036475 -0.1201677
-0.1026341 -0.1185461 -0.0880721 0.5629570 1.5031132 -0.1049397 -0.1059016 -0.0990076 -0.1153232 -0.1068148 -0.1480379 0.3499165 -0.1197021 -0.1080856 -0.1121556 -0.1181373 -0.1048525 0.3214747 -0.1017657 -0.0981812 -0.1040948 -0.0957449 -0.1159973 0.3348389 -0.1060151 -0.1014322 -0.0777702 -0.1148417 -0.1092951 -0.1493258 -0.1169437 0.3310327 -0.0845286 -0.1194452 -0.0633257 -0.1135083 -0.0896122 0.3481503 -0.1117874 -0.1168252 -0.0956070 -0.1072650 -0.0755709 -0.0912818 0.3437755 0.5699013 -0.0981956 -0.0953412 -0.1159678 0.3155086 -0.0838355 -0.1032879 -0.0875369 -0.1032321 -0.1186846
0.0116252 0.0107741 0.0030666 -0.1072282 -0.1049397 1.0117352 0.0128231 0.0045809 0.0123675 0.0107310 0.0164570 -0.0706123 0.0225360 0.0071575 0.0083291 0.0111461 0.0087878 -0.0666761 0.0063650 0.0048077 0.0088810 0.0047395 0.0079906 -0.0698005 0.0085890 0.0131067 0.0052786 0.0124184 0.0117003 0.0154114 0.0114737 -0.0706972 0.0049891 0.0129265 -0.0022790 0.0126526 0.0058935 -0.0668653 0.0150290 0.0123560 0.0106571 0.0086347 0.0070349 0.0091864 -0.0701248 -0.1047255 0.0086076 0.0064374 0.0093110 -0.0621972 0.0078795 0.0059145 0.0003350 0.0093001 0.0103987
0.0097135 0.0091978 0.0071932 -0.1099031 -0.1059016 0.0128231 1.0186238 0.0043834 0.0119766 0.0127744 0.0170611 -0.0726022 0.0139846 0.0067242 0.0083198 0.0127028 0.0061654 -0.0692210 0.0063139 0.0055051 0.0059243 0.0042600 0.0071755 -0.0719374 0.0076693 0.0054872 0.0081298 0.0114894 0.0125639 0.0149558 0.0156218 -0.0735190 0.0040443 0.0113269 -0.0012847 0.0125295 0.0046298 -0.0741780 0.0198874 0.0097813 0.0094212 0.0108378 0.0091577 0.0065821 -0.0699790 -0.1081475 0.0094182 0.0060934 0.0100229 -0.0665303 0.0064421 0.0089213 0.0038492 0.0135581 0.0133539
0.0047915 0.0073231 0.0011665 -0.0987727 -0.0990076 0.0045809 0.0043834 1.0433487 0.0020336 0.0061001 0.0065195 -0.0645592 0.0031369 0.0042461 0.0045364 0.0075775 0.0048539 -0.0710881 0.0052404 -0.0016187 0.0072573 0.0052112 0.0051201 -0.0667913 -0.0009411 0.0006604 0.0000757 0.0057863 0.0065639 0.0042933 0.0041177 -0.0680228 0.0042287 0.0026015 -0.0064823 0.0064512 0.0068911 -0.0676556 0.0038785 0.0027809 0.0071866 0.0056390 0.0009307 0.0063282 -0.0678843 -0.1022914 0.0024219 0.0050986 0.0054449 -0.0586003 -0.0008102 0.0056525 0.0015870 0.0001951 0.0033786
0.0073731 0.0114821 0.0061829 -0.1164698 -0.1153232 0.0123675 0.0119766 0.0020336 1.0374414 0.0092285 0.0175301 -0.0772193 0.0126606 0.0058861 0.0056658 0.0125068 0.0056074 -0.0708991 0.0053443 0.0018250 0.0053827 0.0025148 0.0066494 -0.0739077 0.0027150 0.0086851 0.0023822 0.0104126 0.0114388 0.0147250 0.0074602 -0.0759388 0.0006335 0.0063893 -0.0039906 0.0114899 0.0058338 -0.0766957 0.0112324 0.0085272 0.0097371 0.0056983 0.0046437 0.0042925 -0.0751806 -0.1128831 0.0090273 0.0057808 0.0089265 -0.0731753 0.0061177 0.0043001 0.0011993 0.0154148 0.0098179
0.0088786 0.0097843 0.0052242 -0.1066029 -0.1068148 0.0107310 0.0127744 0.0061001 0.0092285 1.0233084 0.0123137 -0.0703717 0.0121120 0.0049980 0.0066136 0.0146749 0.0064283 -0.0709161 0.0075395 0.0044498 0.0063212 0.0025720 0.0061510 -0.0681546 0.0052911 0.0067453 0.0068940 0.0129851 0.0123738 0.0108815 0.0082129 -0.0707945 0.0027823 0.0079227 0.0000442 0.0108548 0.0043437 -0.0730531 0.0086343 0.0113678 0.0094785 0.0055721 0.0042387 0.0053618 -0.0709617 -0.0989742 0.0106782 0.0076172 0.0084280 -0.0638970 0.0047511 0.0075193 0.0014841 0.0066227 0.0101346
0.0144936 0.0164570 0.0039202 -0.1470818 -0.1480379 0.0164570 0.0170611 0.0065195 0.0175301 0.0123137 1.0326620 -0.0995062 0.0174714 0.0128282 0.0149448 0.0170108 0.0109965 -0.0935688 0.0099392 0.0130954 0.0132102 0.0067018 0.0124249 -0.0978787 0.0115860 0.0105647 0.0094884 0.0177482 0.0148059 0.2024752 0.0168397 -0.0983208 0.0056056 0.0164814 -0.0018518 0.0175245 0.0069988 -0.0994745 0.0149445 0.0165588 0.0117745 0.0140887 0.0095709 0.0129320 -0.0982462 -0.1477477 0.0139927 0.0128777 0.0154800 -0.0905593 0.0094802 0.0109334 0.0069531 0.0162550 0.0203312
-0.0703756 -0.0765718 -0.0610242 0.3431676 0.3499165 -0.0706123 -0.0726022 -0.0645592 -0.0772193 -0.0703717 -0.0995062 1.2356331 -0.0794263 -0.0740729 -0.0716066 -0.0767448 -0.0689542 0.1962301 -0.0668481 -0.0661951 -0.0691654 -0.0620196 -0.0764430 0.2067253 -0.0722900 -0.0674137 -0.0540814 -0.0769260 -0.0738051 -0.1020870 -0.0773906 0.1993300 -0.0633386 -0.0789108 -0.0414902 -0.0758956 -0.0620777 0.2147722 -0.0756429 -0.0783582 -0.0652282 -0.0730740 -0.0547098 -0.0610139 0.2114973 0.3489818 -0.0650423 -0.0647162 -0.0770151 0.1927834 -0.0561568 -0.0688694 -0.0580811 -0.0673359 -0.0811669
0.0126959 0.0115172 0.0042630 -0.1197910 -0.1197021 0.0225360 0.0139846 0.0031369 0.0126606 0.0121120 0.0174714 -0.0794263 1.0252568 0.0141006 0.0090952 0.0127719 0.0102005 -0.0749486 0.0047718 0.0111818 0.0084753 0.0024176 0.0081556 -0.0764912 0.0057167 0.0090907 0.0042606 0.0132804 0.0145996 0.0199815 0.0119602 -0.0795773 0.0022149 0.0088719 -0.0000574 0.0139679 0.0039039 -0.0773898 0.0108482 0.0135041 0.0122229 0.0091768 0.0077661 0.0090083 -0.0773276 -0.1193549 0.0094768 0.0061375 0.0119790 -0.0733867 0.0072493 0.0087946 0.0003065 0.0117358 0.0123219
0.0157016 0.0083018 0.0017136 -0.1097178 -0.1080856 0.0071575 0.0067242 0.0042461 0.0058861 0.0049980 0.0128282 -0.0740729 0.0141006 1.0287359 0.0138428 0.0116702 0.0070389 -0.0749429 0.0030854 0.0066115 0.0080176 0.0037469 0.0108827 -0.0794828 0.0058212 0.0021260 0.0058544 0.0104855 0.0081275 0.0117694 0.0066046 -0.0758528 0.0074747 0.0142903 -0.0041394 0.0084078 0.0069554 -0.0734876 0.0066855 0.0142036 0.0077748 0.0106880 0.0090970 0.0088404 -0.0762470 -0.1160224 0.0080633 0.0084197 0.0083976 -0.0737244 0.0049099 0.0121476 0.0080407 0.0071122 0.0122947
0.0096640 0.0098667 0.0090591 -0.1119020 -0.1121556 0.0083291 0.0083198 0.0045364 0.0056658 0.0066136 0.0149448 -0.0716066 0.0090952 0.0138428 1.0264785 0.0113508 0.0099016 -0.0736628 0.0147854 0.0122411 0.0102060 0.0112713 0.0142555 -0.0746603 0.0018968 0.0054760 0.0044032 0.0119451 0.0082483 0.0149770 0.0109801 -0.0747909 0.0072037 0.0093740 -0.0012682 0.0084302 0.0081803 -0.0766362 0.0071659 0.0090528 0.0084763 0.0108235 0.0081084 0.0100771 -0.0764861 -0.1151230 0.0091774 0.0056870 0.0081769 -0.0714447 0.0045129 0.0074689 0.0062927 0.0069629 0.0096397
0.0093492 0.0108247 0.0060905 -0.1174227 -0.1181373 0.0111461 0.0127028 0.0075775 0.0125068 0.0146749 0.0170108 -0.0767448 0.0127719 0.0116702 0.0113508 1.0213299 0.0100603 -0.0764870 0.0078052 0.0083892 0.0099392 0.0051007 0.0105598 -0.0737654 0.0100119 0.0078345 0.0059758 0.0126508 0.0115822 0.0150747 0.0128576 -0.0764523 0.0033122 0.0139492 0.0008078 0.0146676 0.0054633 -0.0761943 0.0122542 0.0139728 0.0087518 0.0112807 0.0070237 0.0106375 -0.0766507 -0.1149435 0.0103221 0.0094463 0.0122693 -0.0710008 0.0108217 0.0079220 0.0061231 0.0083085 0.0146969
0.0110238 0.0062167 -0.0002923 -0.1040715 -0.1048525 0.0087878 0.0061654 0.0048539 0.0056074 0.0064283 0.0109965 -0.0689542 0.0102005 0.0070389 0.0099016 0.0100603 1.0314745 -0.0694007 0.0063842 0.0055746 0.0078269 0.0011418 0.0079587 -0.0705454 0.0040597 0.0081073 0.0044391 0.0095329 0.0081213 0.0082556 0.0049600 -0.0679330 0.0055817 0.0086138 -0.0016893 0.0087349 0.0053525 -0.0681530 0.0067335 0.0054781 0.0088569 0.0068233 0.0035591 0.0100076 -0.0688637 -0.1085919 0.0038528 0.0035127 0.0072939 -0.0682000 0.0021594 0.0067402 0.0035258 0.0080685 0.0072498
-0.0739764 -0.0735633 -0.0448923 0.3164046 0.3214747 -0.0666761 -0.0692210 -0.0710881 -0.0708991 -0.0709161 -0.0935688 0.1962301 -0.0749486 -0.0749429 -0.0736628 -0.0764870 -0.0694007 1.2200049 -0.0659470 -0.0691932 -0.0708330 -0.0661764 -0.0801637 0.1920178 -0.0698247 -0.0656736 -0.0556106 -0.0731504 -0.0685131 -0.0928790 -0.0692006 0.1821796 -0.0661684 -0.0728004 -0.0488280 -0.0704135 -0.0663324 0.1967787 -0.0714886 -0.0749491 -0.0649822 -0.0727361 -0.0527108 -0.0576731 0.1942923 0.3242738 -0.0651734 -0.0676660 -0.0740396 0.1803442 -0.0554896 -0.0680095 -0.0587374 -0.0623553 -0.0752973
0.0052911 0.0092103 0.0126762 -0.1009315 -0.1017657 0.0063650 0.0063139 0.0052404 0.0053443 0.0075395 0.0099392 -0.0668481 0.0047718 0.0030854 0.0147854 0.0078052 0.0063842 -0.0659470 1.0349282 0.0058745 0.0057924 0.0038567 0.0040590 -0.0698788 0.0028001 0.0016137 0.0038728 0.0070740 0.0092475 0.0082528 0.0046144 -0.0646827 0.0062584 0.0016319 0.0038219 0.0068753 0.0125158 -0.0687260 0.0030157 0.0075769 0.0083762 0.0043852 0.0032689 0.0068548 -0.0690266 -0.1083196 0.0048672 0.0063185 0.0058572 -0.0629674 0.0044885 0.0092325 0.0043924 0.0026541 0.0054825
0.0093333 0.0020624 0.0056620 -0.0984006 -0.0981812 0.0048077 0.0055051 -0.0016187 0.0018250 0.0044498 0.0130954 -0.0661951 0.0111818 0.0066115 0.0122411 0.0083892 0.0055746 -0.0691932 0.0058745 1.0320787 0.0065199 0.0021361 0.0023054 -0.0688598 0.0026315 0.0042899 0.0030508 0.0095486 0.0053603 0.0112956 0.0082120 -0.0597785 0.0041953 0.0048042 -0.0052316 0.0078286 0.0050110 -0.0679355 0.0064537 0.0072273 0.0057624 0.0073599 0.0043644 0.0092214 -0.0666570 -0.1017119 0.0034381 0.0040835 0.0040600 -0.0587090 0.0036711 0.0070565 0.0040757 0.0082601 0.0053501
0.0109257 0.0096922 0.0022666 -0.1031400 -0.1040948 0.0088810 0.0059243 0.0072573 0.0053827 0.0063212 0.0132102 -0.0691654 0.0084753 0.0080176 0.0102060 0.0099392 0.0078269 -0.0708330 0.0057924 0.0065199 1.0201131 0.0034955 0.0087146 -0.0733120 0.0087125 0.0050188 0.0061721 0.0113296 0.0069212 0.0110532 0.0060046 -0.0689975 0.0070990 0.0088835 -0.0007668 0.0098262 0.0075477 -0.0706861 0.0085826 0.0082348 0.0084261 0.0119561 0.0072547 0.0081869 -0.0700923 -0.1117251 0.0060697 0.0105212 0.0092127 -0.0685290 0.0043540 0.0086773 0.0020845 0.0080896 0.0075311
0.0051581 0.0043894 0.0000302 -0.0932238 -0.0957449 0.0047395 0.0042600 0.0052112 0.0025148 0.0025720 0.0067018 -0.0620196 0.0024176 0.0037469 0.0112713 0.0051007 0.0011418 -0.0661764 0.0038567 0.0021361 0.0034955 1.0343872 0.0122587 -0.0583519 0.0010001 0.0014041 0.0031238 0.0115179 0.0095936 0.0045793 0.0044135 -0.0617198 0.0033029 0.0036867 -0.0022896 0.0092633 0.0042877 -0.0657399 0.0037877 0.0049184 0.0055101 0.0032525 0.0036864 0.0035752 -0.0652775 -0.0965750 0.0027584 0.0036428 0.0120907 -0.0632858 -0.0010441 0.0072876 0.0091738 0.0026289 0.0072034
0.0108015 0.0121582 0.0016888 -0.1156220 -0.1159973 0.0079906 0.0071755 0.0051201 0.0066494 0.0061510 0.0124249 -0.0764430 0.0081556 0.0108827 0.0142555 0.0105598 0.0079587 -0.0801637 0.0040590 0.0023054 0.0087146 0.0122587 1.0359926 -0.0713333 0.0021222 0.0024746 0.0031128 0.0092943 0.0083981 0.0100265 0.0048393 -0.0790205 0.0031572 0.0112179 -0.0050859 0.0104363 0.0068667 -0.0784957 0.0051881 0.0075519 0.0068170 0.0078916 0.0068875 0.0076987 -0.0755151 -0.1193249 0.0042133 0.0037840 0.0180010 -0.0747630 0.0031292 0.0042847 0.0052525 0.0064039 0.0126008
-0.0707315 -0.0769764 -0.0629004 0.3278958 0.3348389 -0.0698005 -0.0719374 -0.0667913 -0.0739077 -0.0681546 -0.0978787 0.2067253 -0.0764912 -0.0794828 -0.0746603 -0.0737654 -0.0705454 0.1920178 -0.0698788 -0.0688598 -0.0733120 -0.0583519 -0.0713333 1.2316450 -0.0688095 -0.0678804 -0.0538492 -0.0749194 -0.0666191 -0.0992700 -0.0757879 0.1910512 -0.0699364 -0.0788643 -0.0455162 -0.0727847 -0.0673180 0.2057256 -0.0732729 -0.0753037 -0.0649820 -0.0731729 -0.0540392 -0.0616357 0.2021089 0.3379360 -0.0656693 -0.0665638 -0.0698025 0.1877004 -0.0540300 -0.0707824 -0.0589866 -0.0669501 -0.0770830
0.0095306 0.0032625 -0.0019587 -0.0986343 -0.1060151 0.0085890 0.0076693 -0.0009411 0.0027150 0.0052911 0.0115860 -0.0722900 0.0057167 0.0058212 0.0018968 0.0100119 0.0040597 -0.0698247 0.0028001 0.0026315 0.0087125 0.0010001 0.0021222 -0.0688095 1.0196763 0.0087069 0.0036102 0.0101455 0.0052428 0.0093985 0.0093537 -0.0674344 -0.0018290 0.0094213 -0.0043930 0.0103116 0.0003946 -0.0669371 0.0233266 0.0086369 0.0052990 0.0113788 0.0006330 0.0059451 -0.0658716 -0.1031654 0.0056719 0.0073663 0.0047625 -0.0633605 0.0010425 0.0161728 -0.0004219 0.0071333 0.0115256
0.0070256 0.0115660 0.0006933 -0.1037246 -0.1014322 0.0131067 0.0054872 0.0006604 0.0086851 0.0067453 0.0105647 -0.0674137 0.0090907 0.0021260 0.0054760 0.0078345 0.0081073 -0.0656736 0.0016137 0.0042899 0.0050188 0.0014041 0.0024746 -0.0678804 0.0087069 1.0398415 0.0019101 0.0103186 0.0091326 0.0101713 0.0071929 -0.0719531 0.0040385 0.0040912 -0.0013159 0.0132648 0.0012737 -0.0734109 0.0056292 0.0087667 0.0040464 0.0076059 0.0018304 0.0066138 -0.0714568 -0.0992143 0.0103486 0.0023487 0.0071694 -0.0636628 0.0077139 0.0022279 -0.0005037 0.0070363 0.0138069
0.0048755 0.0011892 0.0058579 -0.0780929 -0.0777702 0.0052786 0.0081298 0.0000757 0.0023822 0.0068940 0.0094884 -0.0540814 0.0042606 0.0058544 0.0044032 0.0059758 0.0044391 -0.0556106 0.0038728 0.0030508 0.0061721 0.0031238 0.0031128 -0.0538492 0.0036102 0.0019101 1.0253434 0.0064478 0.0030410 0.0074509 0.0043387 -0.0521215 0.0042419 0.0079129 -0.0015985 0.0058841 0.0029922 -0.0529889 0.0049594 0.0076038 0.0064960 0.0088919 0.0032595 0.0054676 -0.0535729 -0.0834147 0.0040902 0.0057909 0.0025876 -0.0526869 0.0011339 0.0031467 0.0064338 0.0063351 0.0069595
0.0107597 0.0124473 0.0054247 -0.1115776 -0.1148417 0.0124184 0.0114894 0.0057863 0.0104126 0.0129851 0.0177482 -0.0769260 0.0132804 0.0104855 0.0119451 0.0126508 0.0095329 -0.0731504 0.0070740 0.0095486 0.0113296 0.0115179 0.0092943 -0.0749194 0.0101455 0.0103186 0.0064478 1.0189632 0.0131554 0.0173689 0.0097484 -0.0724839 0.0083678 0.0108100 -0.0024490 0.0116046 0.0045085 -0.0766346 0.0105284 0.0128481 0.0101011 0.0116979 0.0057702 0.0093305 -0.0750241 -0.1125098 0.0117784 0.0087687 0.0101700 -0.0632080 0.0070543 0.0079426 0.0030659 0.0108017 0.0155432
0.0086205 0.0098642 0.0067335 -0.1097671 -0.1092951 0.0117003 0.0125639 0.0065639 0.0114388 0.0123738 0.0148059 -0.0738051 0.0145996 0.0081275 0.0082483 0.0115822 0.0081213 -0.0685131 0.0092475 0.0053603 0.0069212 0.0095936 0.0083981 -0.0666191 0.0052428 0.0091326 0.0030410 0.0131554 1.0205500 0.0129213 0.0109535 -0.0730873 0.0011556 0.0075934 -0.0029184 0.0126006 0.0036542 -0.0704082 0.0097413 0.0145988 0.0090118 0.0058372 0.0064915 0.0075249 -0.0713597 -0.1087157 0.0090070 0.0094151 0.0099072 -0.0643623 0.0059855 0.0068698 0.0041384 0.0071145 0.0122208
0.0140549 0.0148593 0.0032247 -0.1486897 -0.1493258 0.0154114 0.0149558 0.0042933 0.0147250 0.0108815 0.2024752 -0.1020870 0.0199815 0.0117694 0.0149770 0.0150747 0.0082556 -0.0928790 0.0082528 0.0112956 0.0110532 0.0045793 0.0100265 -0.0992700 0.0093985 0.0101713 0.0074509 0.0173689 0.0129213 1.0439937 0.0152283 -0.0994305 0.0029649 0.0152680 -0.0025370 0.0160585 0.0054581 -0.1035125 0.0129229 0.0136484 0.0098730 0.0122310 0.0087867 0.0123687 -0.0997086 -0.1482840 0.0131071 0.0112305 0.0140033 -0.0917667 0.0084750 0.0075864 0.0043239 0.0142517 0.0197599
0.0098192 0.0094134 0.0035032 -0.1169727 -0.1169437 0.0114737 0.0156218 0.0041177 0.0074602 0.0082129 0.0168397 -0.0773906 0.0119602 0.0066046 0.0109801 0.0128576 0.0049600 -0.0692006 0.0046144 0.0082120 0.0060046 0.0044135 0.0048393 -0.0757879 0.0093537 0.0071929 0.0043387 0.0097484 0.0109535 0.0152283 1.0253112 -0.0753535 0.0006219 0.0124039 -0.0056206 0.0182482 0.0010055 -0.0800324 0.0115991 0.0121163 0.0073298 0.0073479 0.0038785 0.0077582 -0.0767157 -0.1160521 0.0070312 0.0049968 0.0134255 -0.0734018 0.0079373 0.0170444 0.0015661 0.0092101 0.0115021
-0.0627147 -0.0802011 -0.0581253 0.3264784 0.3310327 -0.0706972 -0.0735190 -0.0680228 -0.0759388 -0.0707945 -0.0983208 0.1993300 -0.0795773 -0.0758528 -0.0747909 -0.0764523 -0.0679330 0.1821796 -0.0646827 -0.0597785 -0.0689975 -0.0617198 -0.0790205 0.1910512 -0.0674344 -0.0719531 -0.0521215 -0.0724839 -0.0730873 -0.0994305 -0.0753535 1.2297729 -0.0615363 -0.0747687 -0.0433363 -0.0732120 -0.0612938 0.2029782 -0.0686025 -0.0767260 -0.0605068 -0.0688639 -0.0538872 -0.0586582 0.1999018 0.3255425 -0.0670957 -0.0637317 -0.0748549 0.1863577 -0.0561328 -0.0650610 -0.0560749 -0.0675773 -0.0811446
0.0077825 0.0046951 0.0037489 -0.0879578 -0.0845286 0.0049891 0.0040443 0.0042287 0.0006335 0.0027823 0.0056056 -0.0633386 0.0022149 0.0074747 0.0072037 0.0033122 0.0055817 -0.0661684 0.0062584 0.0041953 0.0070990 0.0033029 0.0031572 -0.0699364 -0.0018290 0.0040385 0.0042419 0.0083678 0.0011556 0.0029649 0.0006219 -0.0615363 1.0370688 0.0017553 -0.0027483 0.0059645 0.0104687 -0.0635580 0.0037520 0.0020408 0.0072657 0.0087512 0.0050208 0.0079121 -0.0630701 -0.1010446 0.0035727 0.0056867 0.0020888 -0.0642424 0.0007777 0.0067647 0.0034587 0.0020565 0.0065085
0.0086395 0.0139015 -0.0021698 -0.1162934 -0.1194452 0.0129265 0.0113269 0.0026015 0.0063893 0.0079227 0.0164814 -0.0789108 0.0088719 0.0142903 0.0093740 0.0139492 0.0086138 -0.0728004 0.0016319 0.0048042 0.0088835 0.0036867 0.0112179 -0.0788643 0.0094213 0.0040912 0.0079129 0.0108100 0.0075934 0.0152680 0.0124039 -0.0747687 0.0017553 1.0284239 -0.0034498 0.0093534 0.0011689 -0.0781796 0.0105125 0.0135800 0.0076904 0.0081360 0.0027828 0.0093536 -0.0790635 -0.1167379 0.0083077 0.0057958 0.0103416 -0.0730825 0.0055907 0.0089590 0.0103031 0.0092073 0.0114714
0.0016034 0.0018999 0.0046841 -0.0608408 -0.0633257 -0.0022790 -0.0012847 -0.0064823 -0.0039906 0.0000442 -0.0018518 -0.0414902 -0.0000574 -0.0041394 -0.0012682 0.0008078 -0.0016893 -0.0488280 0.0038219 -0.0052316 -0.0007668 -0.0022896 -0.0050859 -0.0455162 -0.0043930 -0.0013159 -0.0015985 -0.0024490 -0.0029184 -0.0025370 -0.0056206 -0.0433363 -0.0027483 -0.0034498 1.0396131 -0.0014965 -0.0023234 -0.0461524 -0.0012626 0.0011636 -0.0005848 0.0030144 0.0000029 -0.0011253 -0.0444684 -0.0695293 -0.0002522 -0.0011470 -0.0027500 -0.0421723 -0.0003818 0.0031143 -0.0054094 -0.0032638 0.0001293
0.0102676 0.0109868 0.0053809 -0.1091777 -0.1135083 0.0126526 0.0125295 0.0064512 0.0114899 0.0108548 0.0175245 -0.0758956 0.0139679 0.0084078 0.0084302 0.0146676 0.0087349 -0.0704135 0.0068753 0.0078286 0.0098262 0.0092633 0.0104363 -0.0727847 0.0103116 0.0132648 0.0058841 0.0116046 0.0126006 0.0160585 0.0182482 -0.0732120 0.0059645 0.0093534 -0.0014965 1.0236089 0.0090052 -0.0741351 0.0106926 0.0137644 0.0093641 0.0109794 0.0051478 0.0096931 -0.0722029 -0.1132302 0.0092930 0.0090477 0.0115105 -0.0686941 0.0104303 0.0083537 0.0048337 0.0111034 0.0132564
0.0096397 0.0012137 0.0051930 -0.0897565 -0.0896122 0.0058935 0.0046298 0.0068911 0.0058338 0.0043437 0.0069988 -0.0620777 0.0039039 0.0069554 0.0081803 0.0054633 0.0053525 -0.0663324 0.0125158 0.0050110 0.0075477 0.0042877 0.0068667 -0.0673180 0.0003946 0.0012737 0.0029922 0.0045085 0.0036542 0.0054581 0.0010055 -0.0612938 0.0104687 0.0011689 -0.0023234 0.0090052 1.0276732 -0.0635566 0.0043431 0.0058554 0.0080234 0.0069948 0.0037433 0.0066245 -0.0533464 -0.0994919 0.0020377 0.0123803 0.0038051 -0.0634887 -0.0010705 0.0074370 0.0069366 0.0007397 0.0016443
-0.0721601 -0.0782617 -0.0642860 0.3459747 0.3481503 -0.0668653 -0.0741780 -0.0676556 -0.0766957 -0.0730531 -0.0994745 0.2147722 -0.0773898 -0.0734876 -0.0766362 -0.0761943 -0.0681530 0.1967787 -0.0687260 -0.0679355 -0.0706861 -0.0657399 -0.0784957 0.2057256 -0.0669371 -0.0734109 -0.0529889 -0.0766346 -0.0704082 -0.1035125 -0.0800324 0.2029782 -0.0635580 -0.0781796 -0.0461524 -0.0741351 -0.0635566 1.2364188 -0.0727183 -0.0776701 -0.0614073 -0.0732608 -0.0540073 -0.0588637 0.2133042 0.3472689 -0.0674738 -0.0656968 -0.0800393 0.1989501 -0.0571508 -0.0686610 -0.0559699 -0.0686323 -0.0807066
0.0097574 0.0092002 0.0012976 -0.1099776 -0.1117874 0.0150290 0.0198874 0.0038785 0.0112324 0.0086343 0.0149445 -0.0756429 0.0108482 0.0066855 0.0071659 0.0122542 0.0067335 -0.0714886 0.0030157 0.0064537 0.0085826 0.0037877 0.0051881 -0.0732729 0.0233266 0.0056292 0.0049594 0.0105284 0.0097413 0.0129229 0.0115991 -0.0686025 0.0037520 0.0105125 -0.0012626 0.0106926 0.0043431 -0.0727183 1.0122224 0.0081240 0.0090081 0.0082969 0.0063812 0.0064155 -0.0721148 -0.1086563 0.0092829 0.0070900 0.0087045 -0.0661606 0.0052678 0.0093012 0.0025669 0.0125833 0.0123309
0.0104181 0.0122520 0.0054960 -0.1194361 -0.1168252 0.0123560 0.0097813 0.0027809 0.0085272 0.0113678 0.0165588 -0.0783582 0.0135041 0.0142036 0.0090528 0.0139728 0.0054781 -0.0749491 0.0075769 0.0072273 0.0082348 0.0049184 0.0075519 -0.0753037 0.0086369 0.0087667 0.0076038 0.0128481 0.0145988 0.0136484 0.0121163 -0.0767260 0.0020408 0.0135800 0.0011636 0.0137644 0.0058554 -0.0776701 0.0081240 1.0272526 0.0067243 0.0076100 0.0069892 0.0088233 -0.0727553 -0.1170791 0.0087810 0.0076497 0.0098604 -0.0708650 0.0079649 0.0056633 0.0053435 0.0072837 0.0141785
0.0087494 0.0081188 0.0059744 -0.0933007 -0.0956070 0.0106571 0.0094212 0.0071866 0.0097371 0.0094785 0.0117745 -0.0652282 0.0122229 0.0077748 0.0084763 0.0087518 0.0088569 -0.0649822 0.0083762 0.0057624 0.0084261 0.0055101 0.0068170 -0.0649820 0.0052990 0.0040464 0.0064960 0.0101011 0.0090118 0.0098730 0.0073298 -0.0605068 0.0072657 0.0076904 -0.0005848 0.0093641 0.0080234 -0.0614073 0.0090081 0.0067243 1.0164672 0.0093027 0.0039159 0.0073242 -0.0629871 -0.0984894 0.0077387 0.0073446 0.0066036 -0.0594103 0.0033990 0.0067216 0.0030008 0.0073499 0.0087348
0.0112917 0.0079795 0.0037411 -0.1033246 -0.1072650 0.0086347 0.0108378 0.0056390 0.0056983 0.0055721 0.0140887 -0.0730740 0.0091768 0.0106880 0.0108235 0.0112807 0.0068233 -0.0727361 0.0043852 0.0073599 0.0119561 0.0032525 0.0078916 -0.0731729 0.0113788 0.0076059 0.0088919 0.0116979 0.0058372 0.0122310 0.0073479 -0.0688639 0.0087512 0.0081360 0.0030144 0.0109794 0.0069948 -0.0732608 0.0082969 0.0076100 0.0093027 1.0224583 0.0071109 0.0089103 -0.0700094 -0.1135904 0.0125597 0.0093470 0.0081583 -0.0687413 0.0067845 0.0061004 0.0089231 0.0097586 0.0130367
0.0111698 0.0033207 0.0013708 -0.0786875 -0.0755709 0.0070349 0.0091577 0.0009307 0.0046437 0.0042387 0.0095709 -0.0547098 0.0077661 0.0090970 0.0081084 0.0070237 0.0035591 -0.0527108 0.0032689 0.0043644 0.0072547 0.0036864 0.0068875 -0.0540392 0.0006330 0.0018304 0.0032595 0.0057702 0.0064915 0.0087867 0.0038785 -0.0538872 0.0050208 0.0027828 0.0000029 0.0051478 0.0037433 -0.0540073 0.0063812 0.0069892 0.0039159 0.0071109 1.0157101 0.0059410 -0.0530139 -0.0846658 0.0060526 0.0026379 0.0056949 -0.0515160 0.0038283 0.0045134 0.0044186 0.0041169 0.0124732
0.0086273 0.0079363 0.0063380 -0.0895118 -0.0912818 0.0091864 0.0065821 0.0063282 0.0042925 0.0053618 0.0129320 -0.0610139 0.0090083 0.0088404 0.0100771 0.0106375 0.0100076 -0.0576731 0.0068548 0.0092214 0.0081869 0.0035752 0.0076987 -0.0616357 0.0059451 0.0066138 0.0054676 0.0093305 0.0075249 0.0123687 0.0077582 -0.0586582 0.0079121 0.0093536 -0.0011253 0.0096931 0.0066245 -0.0588637 0.0064155 0.0088233 0.0073242 0.0089103 0.0059410 1.0153501 -0.0589265 -0.0952752 0.0061319 0.0059736 0.0075616 -0.0569764 0.0034777 0.0076534 0.0045952 0.0069397 0.0088889
-0.0692404 -0.0794705 -0.0613659 0.3400475 0.3437755 -0.0701248 -0.0699790 -0.0678843 -0.0751806 -0.0709617 -0.0982462 0.2114973 -0.0773276 -0.0762470 -0.0764861 -0.0766507 -0.0688637 0.1942923 -0.0690266 -0.0666570 -0.0700923 -0.0652775 -0.0755151 0.2021089 -0.0658716 -0.0714568 -0.0535729 -0.0750241 -0.0713597 -0.0997086 -0.0767157 0.1999018 -0.0630701 -0.0790635 -0.0444684 -0.0722029 -0.0533464 0.2133042 -0.0721148 -0.0727553 -0.0629871 -0.0700094 -0.0530139 -0.0589265 1.2354820 0.3439576 -0.0660709 -0.0653736 -0.0776846 0.1954428 -0.0530158 -0.0689322 -0.0602034 -0.0670960 -0.0808113
-0.1109802 -0.1196320 -0.0943943 0.5583174 0.5699013 -0.1047255 -0.1081475 -0.1022914 -0.1128831 -0.0989742 -0.1477477 0.3489818 -0.1193549 -0.1160224 -0.1151230 -0.1149435 -0.1085919 0.3242738 -0.1083196 -0.1017119 -0.1117251 -0.0965750 -0.1193249 0.3379360 -0.1031654 -0.0992143 -0.0834147 -0.1125098 -0.1087157 -0.1482840 -0.1160521 0.3255425 -0.1010446 -0.1167379 -0.0695293 -0.1132302 -0.0994919 0.3472689 -0.1086563 -0.1170791 -0.0984894 -0.1135904 -0.0846658 -0.0952752 0.3439576 1.5285316 -0.0937424 -0.0973328 -0.1168790 0.3198404 -0.0824704 -0.1067669 -0.0919516 -0.1012460 -0.1177406
0.0071104 0.0118247 0.0031921 -0.1000565 -0.0981956 0.0086076 0.0094182 0.0024219 0.0090273 0.0106782 0.0139927 -0.0650423 0.0094768 0.0080633 0.0091774 0.0103221 0.0038528 -0.0651734 0.0048672 0.0034381 0.0060697 0.0027584 0.0042133 -0.0656693 0.0056719 0.0103486 0.0040902 0.0117784 0.0090070 0.0131071 0.0070312 -0.0670957 0.0035727 0.0083077 -0.0002522 0.0092930 0.0020377 -0.0674738 0.0092829 0.0087810 0.0077387 0.0125597 0.0060526 0.0061319 -0.0660709 -0.0937424 1.0208665 0.0103658 0.0092926 -0.0592785 0.0043824 0.0053473 0.0010437 0.0067998 0.0148552
0.0070005 0.0035981 0.0054568 -0.0917026 -0.0953412 0.0064374 0.0060934 0.0050986 0.0057808 0.0076172 0.0128777 -0.0647162 0.0061375 0.0084197 0.0056870 0.0094463 0.0035127 -0.0676660 0.0063185 0.0040835 0.0105212 0.0036428 0.0037840 -0.0665638 0.0073663 0.0023487 0.0057909 0.0087687 0.0094151 0.0112305 0.0049968 -0.0637317 0.0056867 0.0057958 -0.0011470 0.0090477 0.0123803 -0.0656968 0.0070900 0.0076497 0.0073446 0.0093470 0.0026379 0.0059736 -0.0653736 -0.0973328 0.0103658 1.0253713 0.0046247 -0.0637055 0.0022803 0.0049329 0.0026895 0.0023623 0.0067625
0.0090563 0.0118747 0.0021675 -0.1170344 -0.1159678 0.0093110 0.0100229 0.0054449 0.0089265 0.0084280 0.0154800 -0.0770151 0.0119790 0.0083976 0.0081769 0.0122693 0.0072939 -0.0740396 0.0058572 0.0040600 0.0092127 0.0120907 0.0180010 -0.0698025 0.0047625 0.0071694 0.0025876 0.0101700 0.0099072 0.0140033 0.0134255 -0.0748549 0.0020888 0.0103416 -0.0027500 0.0115105 0.0038051 -0.0800393 0.0087045 0.0098604 0.0066036 0.0081583 0.0056949 0.0075616 -0.0776846 -0.1168790 0.0092926 0.0046247 1.0288327 -0.0742341 0.0054960 0.0052788 0.0067641 0.0084828 0.0160665
-0.0664751 -0.0750975 -0.0589935 0.3099415 0.3155086 -0.0621972 -0.0665303 -0.0586003 -0.0731753 -0.0638970 -0.0905593 0.1927834 -0.0733867 -0.0737244 -0.0714447 -0.0710008 -0.0682000 0.1803442 -0.0629674 -0.0587090 -0.0685290 -0.0632858 -0.0747630 0.1877004 -0.0633605 -0.0636628 -0.0526869 -0.0632080 -0.0643623 -0.0917667 -0.0734018 0.1863577 -0.0642424 -0.0730825 -0.0421723 -0.0686941 -0.0634887 0.1989501 -0.0661606 -0.0708650 -0.0594103 -0.0687413 -0.0515160 -0.0569764 0.1954428 0.3198404 -0.0592785 -0.0637055 -0.0742341 1.2114966 -0.0528441 -0.0661533 -0.0583125 -0.0621687 -0.0731982
0.0077294 0.0085171 0.0003016 -0.0791485 -0.0838355 0.0078795 0.0064421 -0.0008102 0.0061177 0.0047511 0.0094802 -0.0561568 0.0072493 0.0049099 0.0045129 0.0108217 0.0021594 -0.0554896 0.0044885 0.0036711 0.0043540 -0.0010441 0.0031292 -0.0540300 0.0010425 0.0077139 0.0011339 0.0070543 0.0059855 0.0084750 0.0079373 -0.0561328 0.0007777 0.0055907 -0.0003818 0.0104303 -0.0010705 -0.0571508 0.0052678 0.0079649 0.0033990 0.0067845 0.0038283 0.0034777 -0.0530158 -0.0824704 0.0043824 0.0022803 0.0054960 -0.0528441 1.0161564 0.0032631 0.0043271 0.0046979 0.0068553
0.0112387 0.0082657 0.0067386 -0.0896135 -0.1032879 0.0059145 0.0089213 0.0056525 0.0043001 0.0075193 0.0109334 -0.0688694 0.0087946 0.0121476 0.0074689 0.0079220 0.0067402 -0.0680095 0.0092325 0.0070565 0.0086773 0.0072876 0.0042847 -0.0707824 0.0161728 0.0022279 0.0031467 0.0079426 0.0068698 0.0075864 0.0170444 -0.0650610 0.0067647 0.0089590 0.0031143 0.0083537 0.0074370 -0.0686610 0.0093012 0.0056633 0.0067216 0.0061004 0.0045134 0.0076534 -0.0689322 -0.1067669 0.0053473 0.0049329 0.0052788 -0.0661533 0.0032631 1.0186753 0.0056160 0.0063448 0.0076997
0.0051729 0.0022104 -0.0026858 -0.0846097 -0.0875369 0.0003350 0.0038492 0.0015870 0.0011993 0.0014841 0.0069531 -0.0580811 0.0003065 0.0080407 0.0062927 0.0061231 0.0035258 -0.0587374 0.0043924 0.0040757 0.0020845 0.0091738 0.0052525 -0.0589866 -0.0004219 -0.0005037 0.0064338 0.0030659 0.0041384 0.0043239 0.0015661 -0.0560749 0.0034587 0.0103031 -0.0054094 0.0048337 0.0069366 -0.0559699 0.0025669 0.0053435 0.0030008 0.0089231 0.0044186 0.0045952 -0.0602034 -0.0919516 0.0010437 0.0026895 0.0067641 -0.0583125 0.0043271 0.0056160 1.0241728 0.0030207 0.0059221
0.0104558 0.0077774 0.0032545 -0.1036475 -0.1032321 0.0093001 0.0135581 0.0001951 0.0154148 0.0066227 0.0162550 -0.0673359 0.0117358 0.0071122 0.0069629 0.0083085 0.0080685 -0.0623553 0.0026541 0.0082601 0.0080896 0.0026289 0.0064039 -0.0669501 0.0071333 0.0070363 0.0063351 0.0108017 0.0071145 0.0142517 0.0092101 -0.0675773 0.0020565 0.0092073 -0.0032638 0.0111034 0.0007397 -0.0686323 0.0125833 0.0072837 0.0073499 0.0097586 0.0041169 0.0069397 -0.0670960 -0.1012460 0.0067998 0.0023623 0.0084828 -0.0621687 0.0046979 0.0063448 0.0030207 1.0213091 0.0089146
0.0097990 0.0187922 0.0040330 -0.1201677 -0.1186846 0.0103987 0.0133539 0.0033786 0.0098179 0.0101346 0.0203312 -0.0811669 0.0123219 0.0122947 0.0096397 0.0146969 0.0072498 -0.0752973 0.0054825 0.0053501 0.0075311 0.0072034 0.0126008 -0.0770830 0.0115256 0.0138069 0.0069595 0.0155432 0.0122208 0.0197599 0.0115021 -0.0811446 0.0065085 0.0114714 0.0001293 0.0132564 0.0016443 -0.0807066 0.0123309 0.0141785 0.0087348 0.0130367 0.0124732 0.0088889 -0.0808113 -0.1177406 0.0148552 0.0067625 0.0160665 -0.0731982 0.0068553 0.0076997 0.0059221 0.0089146 1.0313798
