1.0308117 0.0115332 -0.0388611 0.0120183 0.0095731 0.0127552 0.0097629 0.0146166 0.0131269 0.0116133 0.0159983 0.0136060 0.0100824 0.0116569 0.0100944 0.0125205 0.0081867 0.0049974 0.0115120 0.0151537 0.0142295 -0.0485010 0.0095509 0.0131423 0.0118763 0.0126422 0.0117065 -0.0474557 -0.0460178 0.0147543 0.0122727 0.0148200 -0.0444279 0.0141521 -0.0493641 0.0105100 0.0105786 0.0099341 0.0123395 0.0109125 -0.0475958 0.0145158 0.0125856 0.0117519 0.0135098 0.0123086 0.0112108 0.0147507 -0.0308561 -0.0465143 0.0155100 0.0151551 -0.0463864 0.0153078 -0.0477604 0.0153571 0.0135944 0.0134765 0.0142854 0.0126139 0.0129897 -0.0493746 0.0133084 0.0110645 0.0125430 -0.0783490 -0.0763705 -0.0379914 0.0120318 0.0123604 0.0094674 -0.0478835 0.0098888 0.0081050 0.0098127 -0.0455207 0.0121122 0.0143218 0.0134571 0.0109421 -0.0446844 0.0145441 0.0131938 0.0100944 0.0145102 0.0111250 0.0182127 0.0096553 0.0075210 0.0132179 0.0110193 0.0117394 -0.0446424 -0.0477181 0.0157000 0.0092593 -0.0468271 -0.0493211 0.0100000 0.0135339 -0.0460088 0.0123805 -0.0484759 -0.0482473 0.0112694 0.0150389 0.0110551 -0.0460308 0.0090929 0.0083962 0.0117559 0.0112000 0.0121362 -0.0466851 0.0113022 0.0133472 -0.0473619 0.0105724 0.0066039 0.0000052 -0.0493238 0.0124931 0.0123356 0.0136890 0.0089224 0.0117380 0.0093792 0.0119503 0.0114670 0.0167740 -0.0091657 0.0094810 0.0148764 -0.0495755 0.0106589 -0.0482953 0.0163059 -0.0458492 0.0133990 0.0122793 0.0105370 0.0149722 0.0123269 0.0183468 -0.0472633 -0.0445729 0.0122244 0.0094631 0.0151707 0.0106323 0.0130983 -0.0472382 0.0094693 0.0054587 0.0138540 -0.0438840 -0.0451760 0.0179719 0.0105624 0.0139409 0.0025374 0.0105213 0.0120400 0.0147335 0.0076486 0.0182013 0.0115940 0.0110049 0.0091743 0.0107673 -0.0427599 0.0087915 0.0116244 0.0090178
0.0115332 1.0278631 -0.0461451 0.0132670 0.0091624 0.0141007 0.0147024 0.0158429 0.0142619 0.0135188 0.0101115 0.0131591 0.0116807 0.0146239 0.0168085 0.0101684 0.0136972 0.0107078 0.0220374 0.0162880 0.0142276 -0.0547688 0.0128143 0.0140175 0.0202657 0.0104319 0.0120835 -0.0513306 -0.0519379 0.0141046 0.0150512 0.0174010 -0.0466426 0.0139494 -0.0523043 0.0099425 0.0094046 0.0151104 0.0126401 0.0105543 -0.0474255 0.0139573 0.0138485 0.0139511 0.0118493 0.0154059 0.0102699 0.0133404 -0.0259387 -0.0485446 0.0116354 0.0162807 -0.0504692 0.0099600 -0.0492911 0.0131788 0.0149316 0.0094444 0.0125524 0.0105324 0.0141276 -0.0445218 0.0119727 0.0118056 0.0130812 -0.0833836 -0.0816615 -0.0417187 0.0170619 0.0092611 0.0085711 -0.0520811 0.0133819 0.0069405 0.0140287 -0.0466358 0.0161809 0.0108972 0.0120521 0.0167220 -0.0512780 0.0148990 0.0117848 0.0169623 0.0132871 0.0119391 0.0145669 0.0158805 0.0073780 0.0104280 0.0145991 0.0099608 -0.0502728 -0.0507391 0.0103524 0.0112555 -0.0506976 -0.0482877 0.0131164 0.0164511 -0.0449064 0.0135373 -0.0490210 -0.0439236 0.0156381 0.0110215 0.0126146 -0.0508290 0.0164446 0.0112632 0.0110773 0.0129192 0.0121037 -0.0457645 0.0117116 0.0134462 -0.0471551 0.0097485 0.0115683 0.0000672 -0.0483580 0.0092517 0.0123404 0.0092037 0.0175675 0.0107005 0.0103190 0.0129493 0.0113380 0.0154137 -0.0106366 0.0126797 0.0140825 -0.0482591 0.0202253 -0.0520797 0.0112626 -0.0498197 0.0130597 0.0157293 0.0136792 0.0139199 0.0156276 0.0114029 -0.0518751 -0.0522002 0.0097918 0.0089063 0.0117754 0.0118770 0.0126285 -0.0402873 0.0119239 0.0105673 0.0137338 -0.0521802 -0.0489129 0.0119587 0.0142443 0.0067680 0.0046486 0.0144523 0.0086211 0.0174817 0.0108120 0.0095292 0.0121801 0.0226636 0.0132171 0.0139171 -0.0454858 0.0182182 0.0090703 0.0177709
-0.0388611 -0.0461451 1.1451157 -0.0407838 -0.0396235 -0.0482606 -0.0400011 -0.0492807 -0.0506652 -0.0445702 -0.0445874 -0.0455216 -0.0514467 -0.0493217 -0.0510344 -0.0402519 -0.0430455 -0.0407460 -0.0568479 -0.0355829 -0.0439775 0.1196449 -0.0378384 -0.0471542 -0.0477447 -0.0501957 -0.0461013 0.1207793 0.1192199 -0.0480570 -0.0524012 -0.0586101 0.1162035 -0.0478007 0.1167587 -0.0436008 -0.0448675 -0.0440508 -0.0482388 -0.0482040 0.1190390 -0.0573789 -0.0383387 -0.0445679 -0.0454607 -0.0477647 -0.0444782 -0.0496409 0.0657718 0.1057004 -0.0434607 -0.0419673 0.1172262 -0.0460496 0.1192261 -0.0454093 -0.0442990 -0.0333466 -0.0434685 -0.0445624 -0.0532422 0.1215045 -0.0495422 -0.0468675 -0.0435559 0.2007409 0.2036121 0.0885994 -0.0477027 -0.0450508 -0.0382553 0.1127280 -0.0380632 -0.0406208 -0.0405039 0.1236807 -0.0471186 -0.0490139 -0.0452688 -0.0449863 0.1167992 -0.0493712 -0.0496254 -0.0470259 -0.0474559 -0.0479753 -0.0425081 -0.0492815 -0.0384721 -0.0480646 -0.0476774 -0.0484784 0.1149246 0.1222566 -0.0436593 -0.0456977 0.1151278 0.1188635 -0.0486985 -0.0457196 0.1111083 -0.0490018 0.1127082 0.1160747 -0.0538415 -0.0405112 -0.0471599 0.1158139 -0.0529526 -0.0383497 -0.0394576 -0.0370634 -0.0422093 0.1206949 -0.0449255 -0.0540634 0.1138610 -0.0351626 -0.0372198 -0.0106328 0.1214156 -0.0480053 -0.0416359 -0.0382472 -0.0476416 -0.0424118 -0.0452001 -0.0452568 -0.0425291 -0.0383091 0.0125343 -0.0455527 -0.0471037 0.1162490 -0.0420284 0.1175897 -0.0426687 0.1220117 -0.0516428 -0.0485769 -0.0460508 -0.0431870 -0.0436614 -0.0489493 0.1167425 0.1143764 -0.0426621 -0.0424944 -0.0472260 -0.0349563 -0.0444008 0.1142509 -0.0391885 -0.0348699 -0.0488713 0.1181724 0.1151652 -0.0402978 -0.0488484 -0.0411661 -0.0298567 -0.0432614 -0.0464422 -0.0493895 -0.0316683 -0.0456799 -0.0466533 -0.0569598 -0.0501881 -0.0492505 0.1209987 -0.0519745 -0.0438199 -0.0482736
0.0120183 0.0132670 -0.0407838 1.0327435 0.0070585 0.0134830 0.0086965 0.0100947 0.0116823 0.0087775 0.0111210 0.0127031 0.0092699 0.0124872 0.0134393 0.0106849 0.0107742 0.0080450 0.0130547 0.0089100 0.0120730 -0.0455528 0.0082876 0.0112047 0.0136900 0.0128633 0.0107189 -0.0454064 -0.0462819 0.0098866 0.0113572 0.0139278 -0.0405032 0.0101521 -0.0438812 0.0133585 0.0101074 0.0114645 0.0179622 0.0149622 -0.0437402 0.0142128 0.0066091 0.0124189 0.0109193 0.0172069 0.0071063 0.0090972 -0.0273181 -0.0389417 0.0083865 0.0104717 -0.0452444 0.0123883 -0.0427719 0.0126744 0.0176603 0.0086229 0.0121413 0.0087458 0.0107288 -0.0453830 0.0099987 0.0111625 0.0125542 -0.0689500 -0.0702299 -0.0357526 0.0097637 0.0120350 0.0078313 -0.0413785 0.0097704 0.0075552 0.0105029 -0.0440555 0.0120437 0.0111081 0.0124358 0.0129049 -0.0422344 0.0108743 0.0136885 0.0112545 0.0094698 0.0136204 0.0121148 0.0120412 0.0070512 0.0102521 0.0115960 0.0115300 -0.0389875 -0.0462331 0.0104582 0.0114439 -0.0408085 -0.0458676 0.0170092 0.0167571 -0.0435583 0.0156957 -0.0435493 -0.0421178 0.0093037 0.0107626 0.0118162 -0.0421256 0.0079132 0.0092081 0.0120403 0.0120681 0.0119066 -0.0449325 0.0108451 0.0135942 -0.0452304 0.0122045 0.0066486 -0.0023875 -0.0450878 0.0091921 0.0102231 0.0116662 0.0083819 0.0121064 0.0126004 0.0111381 0.0124151 0.0100518 -0.0065405 0.0090285 0.0130158 -0.0445992 0.0110504 -0.0468619 0.0090943 -0.0442681 0.0151732 0.0146254 0.0171160 0.0113353 0.0097265 0.0113952 -0.0457594 -0.0405138 0.0127960 0.0081807 0.0092097 0.0087532 0.0147801 -0.0467251 0.0102734 0.0083350 0.0115350 -0.0426778 -0.0426280 0.0125428 0.0138841 0.0113182 0.0057281 0.0123847 0.0127993 0.0123020 0.0082129 0.0108210 0.0089414 0.0126046 0.0124494 0.0112083 -0.0420750 0.0092315 0.0108883 0.0088914
0.0095731 0.0091624 -0.0396235 0.0070585 1.0195612 0.0098412 0.0072024 0.0100489 0.0097409 0.0068530 0.0119168 0.0117690 0.0138879 0.0137394 0.0109938 0.0094272 0.0090674 0.0076005 0.0073228 0.0074653 0.0073379 -0.0384540 0.0079145 0.0096460 0.0110384 0.0126739 0.0078635 -0.0401264 -0.0413466 0.0094830 0.0113748 0.0118349 -0.0402957 0.0063325 -0.0403364 0.0132764 0.0090797 0.0084744 0.0095916 0.0122632 -0.0393996 0.0111364 0.0067361 0.0130968 0.0126622 0.0144162 0.0221106 0.0073337 -0.0244546 -0.0343824 0.0077024 0.0099005 -0.0417890 0.0126231 -0.0415307 0.0091170 0.0084593 0.0066547 0.0136879 0.0115598 0.0135181 -0.0457229 0.0157504 0.0113711 0.0118707 -0.0640224 -0.0669913 -0.0292382 0.0067749 0.0173816 0.0077044 -0.0430915 0.0138015 0.0090856 0.0094338 -0.0372832 0.0102952 0.0121108 0.0111654 0.0108293 -0.0414756 0.0099661 0.0123977 0.0119971 0.0092529 0.0141013 0.0084777 0.0085913 0.0109287 0.0104054 0.0163395 0.0083242 -0.0420505 -0.0415255 0.0056178 0.0093123 -0.0402957 -0.0409359 0.0096616 0.0087053 -0.0408922 0.0138879 -0.0405022 -0.0428710 0.0126454 0.0103017 0.0109092 -0.0396966 0.0091605 0.0017802 0.0078006 0.0081768 0.0093259 -0.0445133 0.0102883 0.0099060 -0.0421579 0.0110933 0.0048730 0.0083693 -0.0417258 0.0077111 0.0098396 0.0095380 0.0077259 0.0118036 0.0105698 0.0112558 0.0119408 0.0051632 -0.0069563 0.0074720 0.0121035 -0.0369585 0.0104189 -0.0444669 0.0077827 -0.0412909 0.0093155 0.0104037 0.0090549 0.0160765 0.0054423 0.0150511 -0.0377932 -0.0428267 0.0106384 0.0124853 0.0073259 0.0082044 0.0081016 -0.0405276 0.0078684 0.0092443 0.0089733 -0.0428066 -0.0443157 0.0075561 0.0120135 0.0055668 0.0044626 0.0073240 0.0082922 0.0078805 0.0054984 0.0085543 0.0094156 0.0064208 0.0076419 0.0100431 -0.0409470 0.0084974 0.0119141 0.0079265
0.0127552 0.0141007 -0.0482606 0.0134830 0.0098412 1.1675938 0.0127521 0.0141440 0.0163673 0.0129193 0.0105416 0.0134839 0.0150504 0.0117235 0.0138692 0.0117451 0.0107888 0.0103791 0.0149293 0.0109199 0.0129787 -0.0533579 0.0116793 0.0129721 0.0124687 0.0126335 0.0106217 -0.0535829 -0.0534352 0.0127271 0.0135502 0.0298882 -0.0506866 0.0130426 -0.0531907 0.0108806 0.0105679 0.0086188 0.0123635 0.0120870 -0.0511849 0.0309818 0.0095084 0.0133946 0.0133946 0.0131218 0.0117234 0.0125771 -0.0318058 -0.0508872 0.0111623 0.0121462 -0.0541671 0.0123489 -0.0525361 0.0132915 0.0133262 0.0122958 0.0134014 0.0114176 0.0130581 -0.0526612 0.0109701 0.0130010 0.0155450 -0.0824370 -0.0830558 -0.0433589 0.0114568 0.0123579 0.0125992 -0.0498118 0.0125821 0.0111391 0.0117672 -0.0526246 0.0143056 0.0124393 0.0155099 0.0122762 -0.0523018 0.0135868 0.0137813 0.0137497 0.0124829 0.0143406 0.0129915 0.0129558 0.0159474 0.0129539 0.0122374 0.0124054 -0.0525758 -0.0543372 0.0156322 0.0127382 -0.0520666 -0.0520186 0.0156514 0.0141941 -0.0514070 0.0120465 -0.0510223 -0.0511162 0.0146680 0.0125205 0.0189419 -0.0523610 0.0115222 0.0089640 0.0134364 0.0107115 0.0130107 -0.0529987 0.0135259 0.0309213 -0.0519518 0.0129529 0.0067830 -0.0023464 -0.0517997 0.0115868 0.0128424 0.0132020 0.0108180 0.0110699 0.0123171 0.0140674 0.0131592 0.0132519 -0.0088878 0.0247123 0.0133448 -0.0525898 0.0133455 -0.0562591 0.0124711 -0.0512904 0.0163683 0.0134722 0.0122944 0.0142779 0.0110964 0.0146737 -0.0515227 -0.0531280 0.0116145 0.0111603 0.0119445 0.0110585 0.0134269 -0.0531269 0.0103233 0.0090197 0.0167636 -0.0528030 -0.0545699 0.0104483 0.0126232 0.0105450 0.0063920 0.0123228 0.0141162 0.0168354 0.0105911 0.0140713 0.0132013 0.0144494 0.0126604 0.0165771 -0.0533705 0.0123410 0.0115416 0.0163742
0.0097629 0.0147024 -0.0400011 0.0086965 0.0072024 0.0127521 1.0399143 0.0147259 0.0118270 0.0180441 0.0161655 0.0129366 0.0151033 0.0128793 0.0141669 0.0107685 0.0072472 0.0081014 0.0140584 0.0093738 0.0107532 -0.0508652 0.0122900 0.0130416 0.0119504 0.0080585 0.0142494 -0.0500482 -0.0504854 0.0126736 0.0130138 0.0148533 -0.0457260 0.0127912 -0.0470906 0.0109781 0.0129740 0.0089471 0.0101447 0.0076409 -0.0466439 0.0122047 0.0109075 0.0135619 0.0089536 0.0111885 0.0091509 0.0117849 -0.0267751 -0.0429148 0.0064282 0.0117878 -0.0503111 0.0119634 -0.0493258 0.0088445 0.0157849 0.0177795 0.0111954 0.0131479 0.0087762 -0.0415454 0.0079240 0.0176274 0.0127945 -0.0728962 -0.0741319 -0.0377543 0.0124868 0.0121926 0.0118652 -0.0497321 0.0230721 0.0074481 0.0084074 -0.0489275 0.0152379 0.0113689 0.0121408 0.0143666 -0.0474091 0.0130085 0.0097683 0.0125918 0.0130310 0.0119747 0.0122905 0.0116610 0.0104020 0.0084849 0.0097804 0.0084996 -0.0499577 -0.0457502 0.0119354 0.0125388 -0.0480540 -0.0443238 0.0114258 0.0103586 -0.0453280 0.0129819 -0.0445570 -0.0442938 0.0127732 0.0101754 0.0110463 -0.0466736 0.0100057 0.0063924 0.0089715 0.0081845 0.0113557 -0.0455820 0.0112739 0.0115223 -0.0400004 0.0126037 0.0099203 -0.0004684 -0.0428895 0.0065366 0.0065335 0.0075171 0.0165584 0.0086155 0.0105191 0.0117411 0.0235395 0.0093643 -0.0083664 0.0129343 0.0085407 -0.0464869 0.0168416 -0.0470799 0.0101780 -0.0480502 0.0122520 0.0120605 0.0116228 0.0104338 0.0162531 0.0102386 -0.0441675 -0.0480040 0.0106960 0.0073388 0.0125319 0.0111735 0.0068559 -0.0404654 0.0102438 0.0085547 0.0121294 -0.0455273 -0.0418144 0.0131125 0.0143249 0.0059317 0.0036751 0.0153195 0.0073973 0.0103340 0.0090668 0.0118474 0.0091130 0.0142959 0.0125141 0.0159669 -0.0519213 0.0131874 0.0113763 0.0229325
0.0146166 0.0158429 -0.0492807 0.0100947 0.0100489 0.0141440 0.0147259 1.0268453 0.0135196 0.0136121 0.0100891 0.0130610 0.0116694 0.0137357 0.0145898 0.0106863 0.0105456 0.0103729 0.0178351 0.0131654 0.0144387 -0.0491321 0.0093911 0.0142559 0.0126519 0.0120174 0.0138634 -0.0495708 -0.0518625 0.0180092 0.0162644 0.0199312 -0.0484197 0.0144264 -0.0484094 0.0107046 0.0113112 0.0077386 0.0097259 0.0102819 -0.0472667 0.0164902 0.0125626 0.0126581 0.0130815 0.0108792 0.0095277 0.0160598 -0.0281657 -0.0465556 0.0140981 0.0142657 -0.0498669 0.0127247 -0.0504157 0.0099195 0.0148587 0.0097655 0.0106211 0.0123108 0.0108787 -0.0470193 0.0093809 0.0118079 0.0113032 -0.0804042 -0.0753501 -0.0343475 0.0146585 0.0118470 0.0104051 -0.0477825 0.0106696 0.0088825 0.0124122 -0.0506608 0.0191384 0.0140141 0.0155180 0.0134187 -0.0500400 0.0150411 0.0138898 0.0143473 0.0159256 0.0110802 0.0135629 0.0135613 0.0121115 0.0110471 0.0131576 0.0116778 -0.0476207 -0.0473706 0.0126081 0.0102967 -0.0509935 -0.0455296 0.0159276 0.0163876 -0.0482529 0.0117864 -0.0454296 -0.0462532 0.0164617 0.0126594 0.0119590 -0.0460998 0.0160672 0.0095924 0.0116754 0.0112591 0.0123062 -0.0484682 0.0172140 0.0157904 -0.0441721 0.0109825 0.0091150 0.0020795 -0.0482369 0.0107817 0.0065713 0.0104970 0.0135662 0.0096086 0.0114303 0.0142352 0.0140579 0.0110334 -0.0088129 0.0133325 0.0104964 -0.0456462 0.0154689 -0.0470858 0.0099082 -0.0460960 0.0134365 0.0143097 0.0120757 0.0114348 0.0093246 0.0126604 -0.0487592 -0.0472098 0.0106976 0.0086723 0.0120372 0.0084252 0.0114107 -0.0400655 0.0096514 0.0079518 0.0106821 -0.0492355 -0.0432331 0.0095818 0.0125701 0.0109859 0.0058108 0.0127299 0.0132737 0.0141295 0.0100961 0.0122252 0.0127967 0.0177188 0.0115489 0.0115156 -0.0494292 0.0194526 0.0112398 0.0166410
0.0131269 0.0142619 -0.0506652 0.0116823 0.0097409 0.0163673 0.0118270 0.0135196 1.0105903 0.0114981 0.0148833 0.0135414 0.0180072 0.0139822 0.0134975 0.0115735 0.0134798 0.0078796 0.0119906 0.0116985 0.0103298 -0.0486539 0.0101230 0.0117194 0.0116359 0.0121918 0.0131560 -0.0514062 -0.0518446 0.0118410 0.0142330 0.0746902 -0.0525764 0.0107101 -0.0520668 0.0102016 0.0156024 0.0125031 0.0132729 0.0125622 -0.0520247 0.0398506 0.0108839 0.0148377 0.0147209 0.0135800 0.0125117 0.0132169 -0.0282829 -0.0507716 0.0139408 0.0177227 -0.0557217 0.0122383 -0.0510510 0.0126361 0.0120347 0.0105425 0.0128269 0.0155012 0.0154928 -0.0563554 0.0147532 0.0099132 0.0127750 -0.0844693 -0.0833323 -0.0418027 0.0131621 0.0175583 0.0165991 -0.0513387 0.0124112 0.0120444 0.0099699 -0.0510103 0.0106745 0.0152572 0.0134089 0.0138784 -0.0528116 0.0134057 0.0113472 0.0147861 0.0132870 0.0147040 0.0153068 0.0115763 0.0090920 0.0167811 0.0140585 0.0150241 -0.0492877 -0.0553435 0.0139373 0.0125280 -0.0522705 -0.0500546 0.0103250 0.0160582 -0.0506527 0.0166223 -0.0503238 -0.0511653 0.0170064 0.0117934 0.0178080 -0.0539961 0.0172498 0.0085239 0.0142426 0.0115718 0.0142444 -0.0514754 0.0133333 0.0385894 -0.0522341 0.0127584 0.0060318 -0.0014370 -0.0518149 0.0116605 0.0110966 0.0112079 0.0099624 0.0109900 0.0127735 0.0130170 0.0148339 0.0144116 -0.0075559 0.0116544 0.0127871 -0.0521011 0.0145821 -0.0536120 0.0114123 -0.0507089 0.0130997 0.0165256 0.0176969 0.0157446 0.0086951 0.0151820 -0.0486061 -0.0527426 0.0137607 0.0126782 0.0128813 0.0109296 0.0147733 -0.0517902 0.0101506 0.0082273 0.0219051 -0.0492789 -0.0464680 0.0141954 0.0107122 0.0098681 0.0044868 0.0107517 0.0120471 0.0171186 0.0125601 0.0139131 0.0134913 0.0108925 0.0145260 0.0155693 -0.0550105 0.0127291 0.0123040 0.0167077
0.0116133 0.0135188 -0.0445702 0.0087775 0.0068530 0.0129193 0.0180441 0.0136121 0.0114981 1.0250775 0.0079789 0.0097283 0.0147972 0.0116771 0.0134121 0.0114297 0.0129737 0.0102901 0.0151154 0.0149169 0.0124101 -0.0503003 0.0116317 0.0108034 0.0176692 0.0094874 0.0119542 -0.0490361 -0.0468578 0.0116867 0.0126904 0.0155246 -0.0438987 0.0127766 -0.0480962 0.0113093 0.0103992 0.0062185 0.0116924 0.0108345 -0.0480277 0.0123207 0.0169599 0.0131437 0.0120813 0.0111348 0.0074657 0.0098086 -0.0282102 -0.0465197 0.0134071 0.0137969 -0.0481054 0.0091332 -0.0467023 0.0105037 0.0128444 0.0105152 0.0111223 0.0142428 0.0125948 -0.0430964 0.0118416 0.0175725 0.0115400 -0.0752853 -0.0714094 -0.0396078 0.0111945 0.0124791 0.0112368 -0.0459321 0.0090046 0.0119241 0.0083141 -0.0479127 0.0150885 0.0095186 0.0124894 0.0080865 -0.0467173 0.0114229 0.0091990 0.0153872 0.0129771 0.0112194 0.0112284 0.0143012 0.0077711 0.0082676 0.0092596 0.0092304 -0.0489849 -0.0433570 0.0058737 0.0102839 -0.0494453 -0.0449193 0.0134590 0.0101006 -0.0470839 0.0165544 -0.0445720 -0.0431500 0.0179080 0.0148385 0.0096199 -0.0433407 0.0128437 0.0104140 0.0113895 0.0075833 0.0136641 -0.0407194 0.0085509 0.0110006 -0.0437130 0.0115180 0.0049915 -0.0023273 -0.0488618 0.0107390 0.0084806 0.0121196 0.0156357 0.0060620 0.0081093 0.0121209 0.0164628 0.0132883 -0.0109988 0.0132744 0.0109394 -0.0443607 0.0125567 -0.0444529 0.0138713 -0.0440077 0.0084055 0.0137537 0.0096096 0.0110354 0.0125404 0.0122104 -0.0459500 -0.0466347 0.0132442 0.0120967 0.0123835 0.0090123 0.0087652 -0.0398777 0.0094625 0.0080240 0.0080951 -0.0441913 -0.0381001 0.0093450 0.0153375 0.0093244 0.0013662 0.0140015 0.0127750 0.0163267 0.0087943 0.0092516 0.0086887 0.0147618 0.0107452 0.0109632 -0.0439739 0.0209844 0.0096542 0.0168682
0.0159983 0.0101115 -0.0445874 0.0111210 0.0119168 0.0105416 0.0161655 0.0100891 0.0148833 0.0079789 1.0487133 0.0097923 0.0179495 0.0135937 0.0098891 0.0104226 0.0078086 0.0049136 0.0070081 0.0087943 0.0091880 -0.0478225 0.0056746 0.0152326 0.0095412 0.0120811 0.0055447 -0.0504538 -0.0529015 0.0159377 0.0165240 0.0120302 -0.0421046 0.0078168 -0.0497869 0.0122850 0.0127145 0.0086303 0.0099524 0.0109845 -0.0462868 0.0117472 0.0128274 0.0111754 0.0105710 0.0158673 0.0105310 0.0094786 -0.0335517 -0.0455331 0.0126514 0.0132976 -0.0526255 0.0109870 -0.0492889 0.0120570 0.0071658 0.0104458 0.0180825 0.0175466 0.0155360 -0.0432289 0.0156158 0.0167370 0.0113578 -0.0744603 -0.0784689 -0.0366488 0.0140135 0.0138835 0.0159111 -0.0460801 0.0120611 0.0077671 0.0113256 -0.0484445 0.0083721 0.0129005 0.0103977 0.0130712 -0.0478483 0.0124957 0.0148854 0.0127025 0.0133602 0.0126917 0.0169279 0.0049625 0.0120392 0.0131474 0.0116519 0.0103589 -0.0417300 -0.0441020 0.0118263 0.0110233 -0.0469437 -0.0475152 0.0071923 0.0125907 -0.0413247 0.0119403 -0.0445893 -0.0507791 0.0104606 0.0147952 0.0106875 -0.0502072 0.0136518 0.0081931 0.0089857 0.0090453 0.0113686 -0.0493221 0.0137937 0.0108328 -0.0477535 0.0094783 0.0060632 -0.0008286 -0.0453169 0.0121283 0.0104396 0.0071875 0.0090692 0.0115126 0.0109625 0.0152910 0.0163414 0.0175756 -0.0100241 0.0078338 0.0144286 -0.0503036 0.0112396 -0.0511768 0.0069745 -0.0453678 0.0088247 0.0108606 0.0152106 0.0133041 0.0111995 0.0142599 -0.0448768 -0.0418128 0.0169677 0.0115572 0.0094360 0.0110197 0.0115639 -0.0458657 0.0084438 0.0130480 0.0095640 -0.0498385 -0.0501885 0.0164081 0.0145091 0.0093728 0.0016247 0.0097906 0.0111701 0.0073779 0.0065162 0.0154662 0.0131382 0.0056734 0.0134047 0.0098890 -0.0496917 0.0054678 0.0110703 0.0075495
0.0136060 0.0131591 -0.0455216 0.0127031 0.0117690 0.0134839 0.0129366 0.0130610 0.0135414 0.0097283 0.0097923 1.0200275 0.0132854 0.0059939 0.0105772 0.0097892 0.0108511 0.0074872 0.0101041 0.0142992 0.0117831 -0.0475931 0.0116017 0.0113707 0.0158464 0.0116967 0.0084904 -0.0483177 -0.0494740 0.0154197 0.0110166 0.0140304 -0.0481585 0.0136897 -0.0482326 0.0106263 0.0105807 0.0092658 0.0116794 0.0117051 -0.0469260 0.0138183 0.0080491 0.0137245 0.0132946 0.0127176 0.0137911 0.0093510 -0.0301574 -0.0477339 0.0108256 0.0122445 -0.0484521 0.0141547 -0.0463781 0.0097769 0.0143910 0.0117077 0.0125507 0.0100094 0.0168551 -0.0514758 0.0102268 0.0115123 0.0143573 -0.0787411 -0.0755865 -0.0381710 0.0089858 0.0156197 0.0095176 -0.0443965 0.0142723 0.0129554 0.0113633 -0.0457699 0.0102826 0.0139723 0.0123898 0.0138836 -0.0495568 0.0108497 0.0126754 0.0121791 0.0104369 0.0115318 0.0131726 0.0089871 0.0119349 0.0122161 0.0139995 0.0121579 -0.0470646 -0.0511647 0.0107618 0.0137163 -0.0500397 -0.0507889 0.0101156 0.0157363 -0.0437039 0.0105155 -0.0474762 -0.0497298 0.0177374 0.0155666 0.0151131 -0.0468365 0.0122943 0.0070857 0.0143629 0.0106898 0.0129812 -0.0507613 0.0127239 0.0127502 -0.0468781 0.0149358 0.0080724 0.0012655 -0.0465695 0.0125391 0.0113295 0.0101506 0.0117994 0.0092544 0.0124371 0.0195244 0.0132873 0.0122196 -0.0074304 0.0108827 0.0126246 -0.0465551 0.0135020 -0.0516145 0.0136097 -0.0476939 0.0156637 0.0137549 0.0142711 0.0147189 0.0094131 0.0116925 -0.0488136 -0.0456218 0.0124817 0.0099325 0.0126050 0.0076142 0.0109558 -0.0520563 0.0124682 0.0093728 0.0183697 -0.0479537 -0.0476092 0.0136083 0.0129536 0.0111886 0.0052295 0.0096887 0.0102863 0.0098664 0.0134000 0.0130197 0.0112610 0.0092199 0.0116019 0.0152203 -0.0492614 0.0078530 0.0126086 0.0160272
0.0100824 0.0116807 -0.0514467 0.0092699 0.0138879 0.0150504 0.0151033 0.0116694 0.0180072 0.0147972 0.0179495 0.0132854 1.0377288 0.0131212 0.0155892 0.0126172 0.0179348 0.0066024 0.0074228 0.0086233 0.0083455 -0.0523478 0.0097273 0.0109984 0.0166865 0.0151428 0.0071390 -0.0511622 -0.0530717 0.0125009 0.0108911 0.0248274 -0.0506051 0.0110516 -0.0535467 0.0142369 0.0200073 0.0108601 0.0138891 0.0148083 -0.0449732 0.0266859 0.0085220 0.0135495 0.0121826 0.0183709 0.0145901 0.0166298 -0.0298783 -0.0494380 0.0197387 0.0100905 -0.0560053 0.0140516 -0.0473935 0.0108727 0.0101443 0.0147138 0.0255193 0.0194772 0.0187338 -0.0527100 0.0167563 0.0111979 0.0155508 -0.0839216 -0.0847333 -0.0398634 0.0104012 0.0145401 0.0134028 -0.0459296 0.0208263 0.0117741 0.0115755 -0.0536377 0.0089429 0.0151948 0.0134363 0.0147653 -0.0527896 0.0116882 0.0160345 0.0196607 0.0116772 0.0144375 0.0201955 0.0145379 0.0111076 0.0146041 0.0113573 0.0126069 -0.0478183 -0.0520689 0.0155229 0.0132094 -0.0512687 -0.0512442 0.0122128 0.0140651 -0.0498958 0.0152639 -0.0493158 -0.0554645 0.0145954 0.0144168 0.0136375 -0.0490702 0.0136796 0.0062756 0.0101159 0.0078654 0.0107071 -0.0485044 0.0147573 0.0248516 -0.0541288 0.0100298 0.0010248 0.0006900 -0.0531204 0.0232114 0.0145153 0.0110715 0.0082418 0.0114586 0.0133807 0.0140562 0.0168996 0.0103963 -0.0100631 0.0115980 0.0130163 -0.0544514 0.0156819 -0.0580063 0.0101414 -0.0532835 0.0150760 0.0140261 0.0121943 0.0119736 0.0123597 0.0133471 -0.0450951 -0.0551864 0.0137098 0.0167887 0.0090478 0.0137987 0.0102405 -0.0549759 0.0144540 0.0136467 0.0169965 -0.0508718 -0.0554613 0.0145531 0.0165482 0.0095856 0.0044639 0.0136952 0.0106494 0.0178067 0.0120690 0.0247683 0.0199418 0.0066603 0.0098864 0.0117507 -0.0566393 0.0084599 0.0135245 0.0137553
0.0116569 0.0146239 -0.0493217 0.0124872 0.0137394 0.0117235 0.0128793 0.0137357 0.0139822 0.0116771 0.0135937 0.0059939 0.0131212 1.0472571 0.0186931 0.0077721 0.0102447 0.0141938 0.0213810 0.0128161 0.0179832 -0.0510994 0.0116692 0.0161329 0.0088239 0.0123382 0.0137853 -0.0436299 -0.0517336 0.0106524 0.0177329 0.0144248 -0.0471650 0.0148510 -0.0502275 0.0132457 0.0121499 0.0149987 0.0103680 0.0158642 -0.0505436 0.0115238 0.0126748 0.0117032 0.0087258 0.0141683 0.0109237 0.0106591 -0.0273734 -0.0412992 0.0078329 0.0162018 -0.0539142 0.0100994 -0.0501480 0.0112915 0.0128112 0.0084612 0.0143102 0.0115496 0.0123283 -0.0510340 0.0156154 0.0149550 0.0112329 -0.0781059 -0.0839021 -0.0383259 0.0149439 0.0105021 0.0084621 -0.0524176 0.0095835 0.0072134 0.0082218 -0.0509100 0.0140186 0.0136863 0.0116166 0.0152036 -0.0534584 0.0166932 0.0130615 0.0121869 0.0142455 0.0088217 0.0136779 0.0163601 0.0087430 0.0119409 0.0109970 0.0111629 -0.0454921 -0.0481859 0.0102941 0.0144336 -0.0481097 -0.0460331 0.0113530 0.0104314 -0.0511804 0.0133980 -0.0447647 -0.0489470 0.0131834 0.0104995 0.0214778 -0.0526204 0.0171946 0.0156470 0.0092630 0.0106195 0.0079086 -0.0491875 0.0094687 0.0105175 -0.0458214 0.0108339 0.0138418 0.0029336 -0.0524817 0.0068127 0.0133770 0.0095299 0.0163932 0.0147665 0.0109932 0.0117308 0.0119606 0.0139372 -0.0105083 0.0154970 0.0078231 -0.0477410 0.0152475 -0.0462604 0.0099539 -0.0497303 0.0140505 0.0130991 0.0068750 0.0143363 0.0140541 0.0199259 -0.0491940 -0.0508073 0.0122969 0.0094900 0.0117121 0.0063874 0.0100658 -0.0423534 0.0082242 0.0070580 0.0141153 -0.0486106 -0.0452823 0.0127964 0.0106720 0.0097718 0.0020277 0.0137460 0.0114823 0.0157195 0.0083662 0.0084307 0.0098941 0.0215567 0.0185829 0.0122944 -0.0518328 0.0166324 0.0133184 0.0172139
0.0100944 0.0168085 -0.0510344 0.0134393 0.0109938 0.0138692 0.0141669 0.0145898 0.0134975 0.0134121 0.0098891 0.0105772 0.0155892 0.0186931 1.0344955 0.0092601 0.0089853 0.0135000 0.0161934 0.0097264 0.0149394 -0.0512888 0.0109095 0.0127723 0.0133854 0.0136178 0.0163294 -0.0464532 -0.0524593 0.0135505 0.0159718 0.0157223 -0.0492912 0.0121501 -0.0511632 0.0105833 0.0134484 0.0141919 0.0134564 0.0170872 -0.0508273 0.0139642 0.0111154 0.0148037 0.0109464 0.0165042 0.0112863 0.0144701 -0.0276031 -0.0459268 0.0066513 0.0122004 -0.0501428 0.0157878 -0.0465809 0.0133421 0.0200081 0.0113392 0.0142771 0.0111528 0.0155700 -0.0495335 0.0141618 0.0169289 0.0144017 -0.0797121 -0.0805251 -0.0397888 0.0126133 0.0132740 0.0077213 -0.0532521 0.0132855 0.0107594 0.0093606 -0.0508375 0.0146304 0.0172363 0.0177895 0.0155549 -0.0480715 0.0148844 0.0127070 0.0122334 0.0152311 0.0137266 0.0110041 0.0180601 0.0135774 0.0103582 0.0120515 0.0112613 -0.0508069 -0.0478569 0.0103540 0.0088256 -0.0475765 -0.0446080 0.0123948 0.0130250 -0.0488161 0.0166872 -0.0456762 -0.0433525 0.0183387 0.0091036 0.0121344 -0.0494106 0.0157758 0.0185546 0.0109844 0.0079827 0.0112818 -0.0501178 0.0148287 0.0114777 -0.0456071 0.0109795 0.0074994 -0.0011610 -0.0517389 0.0097113 0.0094546 0.0098478 0.0154373 0.0106071 0.0142807 0.0131007 0.0125311 0.0111278 -0.0091386 0.0129811 0.0098356 -0.0455706 0.0142708 -0.0511238 0.0069862 -0.0496191 0.0117789 0.0146102 0.0143538 0.0137412 0.0098228 0.0132138 -0.0494386 -0.0531937 0.0107966 0.0120057 0.0129199 0.0092383 0.0112022 -0.0396304 0.0086929 0.0094275 0.0167499 -0.0482107 -0.0444951 0.0107799 0.0154208 0.0073549 0.0063795 0.0117122 0.0102819 0.0148052 0.0110372 0.0087725 0.0101158 0.0162255 0.0121852 0.0112397 -0.0455218 0.0146461 0.0103956 0.0178774
0.0125205 0.0101684 -0.0402519 0.0106849 0.0094272 0.0117451 0.0107685 0.0106863 0.0115735 0.0114297 0.0104226 0.0097892 0.0126172 0.0077721 0.0092601 1.0270979 0.0109637 0.0067837 0.0107025 0.0129488 0.0113932 -0.0392171 0.0067924 0.0108494 0.0158631 0.0117656 0.0079002 -0.0407848 -0.0443485 0.0151100 0.0090619 0.0120409 -0.0419404 0.0128381 -0.0425606 0.0138554 0.0124374 0.0106970 0.0119003 0.0126536 -0.0437558 0.0125951 0.0086864 0.0135292 0.0102088 0.0122386 0.0088897 0.0119389 -0.0289537 -0.0439576 0.0083793 0.0094374 -0.0428805 0.0116079 -0.0431134 0.0122252 0.0103842 0.0115662 0.0106706 0.0097128 0.0113670 -0.0446557 0.0112749 0.0089615 0.0109423 -0.0663083 -0.0699390 -0.0336040 0.0089858 0.0106274 0.0090793 -0.0427659 0.0131640 0.0113523 0.0113929 -0.0427403 0.0120847 0.0115729 0.0139055 0.0122115 -0.0436187 0.0114154 0.0127251 0.0122590 0.0109904 0.0166129 0.0094268 0.0100708 0.0056417 0.0093679 0.0125791 0.0131621 -0.0406913 -0.0418182 0.0091081 0.0100233 -0.0415863 -0.0428639 0.0110712 0.0126598 -0.0414388 0.0102605 -0.0408709 -0.0426138 0.0110572 0.0126710 0.0090485 -0.0425539 0.0104315 0.0052991 0.0112952 0.0105464 0.0097635 -0.0421517 0.0128946 0.0112375 -0.0426922 0.0122767 0.0109886 -0.0004358 -0.0421454 0.0127598 0.0107653 0.0121852 0.0068671 0.0107299 0.0090933 0.0118550 0.0088573 0.0097790 -0.0067811 0.0128947 0.0108638 -0.0431067 0.0120621 -0.0447998 0.0093473 -0.0430375 0.0136141 0.0097193 0.0117071 0.0123489 0.0067302 0.0107099 -0.0438235 -0.0428130 0.0095147 0.0087596 0.0084535 0.0096244 0.0128130 -0.0488296 0.0083977 0.0078253 0.0086619 -0.0390879 -0.0456041 0.0093443 0.0091021 0.0106163 0.0049255 0.0104508 0.0136407 0.0115736 0.0089196 0.0153199 0.0140448 0.0101151 0.0099286 0.0106236 -0.0438897 0.0091323 0.0079707 0.0094490
0.0081867 0.0136972 -0.0430455 0.0107742 0.0090674 0.0107888 0.0072472 0.0105456 0.0134798 0.0129737 0.0078086 0.0108511 0.0179348 0.0102447 0.0089853 0.0109637 1.0215712 0.0051276 0.0156474 0.0101016 0.0068652 -0.0429789 0.0085897 0.0089003 0.0117022 0.0169838 0.0063458 -0.0456489 -0.0421931 0.0103299 0.0077134 0.0150075 -0.0442945 0.0105692 -0.0427818 0.0116422 0.0087662 0.0112472 0.0089458 0.0084712 -0.0428209 0.0163768 0.0148517 0.0110819 0.0092348 0.0115774 0.0112954 0.0112638 -0.0248098 -0.0347341 0.0072309 0.0111501 -0.0466359 0.0130286 -0.0391906 0.0109094 0.0092744 0.0084137 0.0122136 0.0170413 0.0107748 -0.0453179 0.0081813 0.0091986 0.0100707 -0.0698594 -0.0659343 -0.0335189 0.0063048 0.0115256 0.0113835 -0.0393605 0.0077934 0.0086708 0.0107898 -0.0413108 0.0059208 0.0129290 0.0103038 0.0107247 -0.0452956 0.0132796 0.0105237 0.0107943 0.0092339 0.0082270 0.0178109 0.0165972 0.0073753 0.0168957 0.0083809 0.0099499 -0.0416140 -0.0464502 0.0087919 0.0097356 -0.0429245 -0.0436937 0.0083236 0.0103531 -0.0395533 0.0122676 -0.0412202 -0.0373807 0.0111258 0.0123333 0.0121379 -0.0462142 0.0100803 0.0079884 0.0101855 0.0132732 0.0084422 -0.0445934 0.0101804 0.0152372 -0.0437245 0.0101626 0.0033605 0.0014430 -0.0469730 0.0133098 0.0116781 0.0101081 0.0067131 0.0092157 0.0117208 0.0120531 0.0114796 0.0114058 -0.0062809 0.0089607 0.0100362 -0.0423056 0.0110063 -0.0442181 0.0087394 -0.0446386 0.0111106 0.0110297 0.0129423 0.0126715 0.0106134 0.0097532 -0.0416276 -0.0453168 0.0107852 0.0079090 0.0082178 0.0080466 0.0110098 -0.0446892 0.0129515 0.0064442 0.0119980 -0.0439842 -0.0432171 0.0115859 0.0120904 0.0072736 0.0049108 0.0116359 0.0101793 0.0138094 0.0143025 0.0141574 0.0115052 0.0154440 0.0089318 0.0140599 -0.0443422 0.0189298 0.0101961 0.0137401
0.0049974 0.0107078 -0.0407460 0.0080450 0.0076005 0.0103791 0.0081014 0.0103729 0.0078796 0.0102901 0.0049136 0.0074872 0.0066024 0.0141938 0.0135000 0.0067837 0.0051276 1.0174690 0.0135786 0.0105194 0.0098134 -0.0455264 0.0074064 0.0105283 0.0100993 0.0086553 0.0111762 -0.0415828 -0.0409677 0.0085819 0.0120316 0.0129677 -0.0415002 0.0112228 -0.0416869 0.0100297 0.0056342 0.0102228 0.0114148 0.0067416 -0.0420512 0.0102140 0.0142956 0.0080152 0.0076499 0.0123238 0.0087612 0.0115628 -0.0252783 -0.0354965 0.0064703 0.0103440 -0.0351973 0.0105076 -0.0385642 0.0069642 0.0121672 0.0053730 0.0079719 0.0069086 0.0095649 -0.0390312 0.0102411 0.0101705 0.0125816 -0.0651823 -0.0665049 -0.0337313 0.0103143 0.0099744 0.0041811 -0.0414679 0.0060021 0.0090660 0.0048252 -0.0405335 0.0174493 0.0081556 0.0108964 0.0069853 -0.0437483 0.0117484 0.0099490 0.0095262 0.0151321 0.0100978 0.0044856 0.0118843 0.0133246 0.0066410 0.0085050 0.0080625 -0.0399035 -0.0398995 0.0077541 0.0212745 -0.0404335 -0.0373944 0.0105023 0.0066405 -0.0416753 0.0069861 -0.0336266 -0.0375470 0.0128046 0.0075734 0.0080857 -0.0386748 0.0113990 0.0068797 0.0055569 0.0071034 0.0091215 -0.0399684 0.0104937 0.0081048 -0.0386095 0.0117152 0.0058657 -0.0015069 -0.0417965 0.0078778 0.0055233 0.0057506 0.0144792 0.0149744 0.0090440 0.0089839 0.0070262 0.0064879 -0.0068064 0.0104202 0.0078341 -0.0373355 0.0100569 -0.0371488 0.0080010 -0.0378240 0.0102568 0.0115743 0.0084321 0.0097645 0.0080153 0.0104181 -0.0395952 -0.0435349 0.0097466 0.0072613 0.0115817 0.0058598 0.0051710 -0.0357747 0.0071466 0.0062116 0.0080539 -0.0426598 -0.0416374 0.0077666 0.0094546 0.0078597 0.0014470 0.0111703 0.0067978 0.0123187 0.0054953 0.0066954 0.0083317 0.0131922 0.0122154 0.0078815 -0.0408760 0.0131215 0.0183483 0.0123981
0.0115120 0.0220374 -0.0568479 0.0130547 0.0073228 0.0149293 0.0140584 0.0178351 0.0119906 0.0151154 0.0070081 0.0101041 0.0074228 0.0213810 0.0161934 0.0107025 0.0156474 0.0135786 1.0478599 0.0105000 0.0188805 -0.0603826 0.0207357 0.0197338 0.0151663 0.0142580 0.0136905 -0.0608710 -0.0629015 0.0135501 0.0197904 0.0212792 -0.0551206 0.0188406 -0.0623194 0.0078733 0.0099323 0.0098541 0.0102212 0.0100172 -0.0604945 0.0153671 0.0178568 0.0120166 0.0112555 0.0118682 0.0131548 0.0177306 -0.0345396 -0.0515732 0.0074910 0.0155138 -0.0598151 0.0087544 -0.0620871 0.0128035 0.0191273 0.0090668 0.0117851 0.0071362 0.0107760 -0.0538695 0.0127516 0.0170437 0.0132685 -0.0932295 -0.0946453 -0.0488305 0.0140115 0.0101508 0.0073094 -0.0595385 0.0088117 0.0063604 0.0111223 -0.0598725 0.0247836 0.0119446 0.0146430 0.0106276 -0.0612486 0.0180896 0.0103669 0.0195058 0.0158098 0.0132422 0.0135254 0.0184819 0.0048824 0.0141032 0.0109306 0.0104101 -0.0564005 -0.0533375 0.0072635 0.0102042 -0.0589419 -0.0558662 0.0173692 0.0217589 -0.0568358 0.0108712 -0.0519394 -0.0510285 0.0164909 0.0085973 0.0115047 -0.0619703 0.0160223 0.0139022 0.0134223 0.0150420 0.0114554 -0.0537513 0.0078114 0.0142632 -0.0535477 0.0108593 0.0149641 -0.0027993 -0.0615399 0.0074605 0.0231531 0.0123006 0.0252714 0.0111514 0.0085365 0.0127925 0.0107485 0.0120579 -0.0100990 0.0190751 0.0097115 -0.0547707 0.0188906 -0.0539673 0.0059111 -0.0587026 0.0142124 0.0160208 0.0098914 0.0122093 0.0163735 0.0128077 -0.0620799 -0.0636408 0.0104860 0.0077555 0.0194458 0.0092172 0.0173871 -0.0444473 0.0112311 0.0048228 0.0122430 -0.0579442 -0.0576276 0.0095933 0.0095653 0.0068492 0.0029428 0.0228304 0.0135317 0.0175583 0.0058882 0.0097658 0.0080916 0.3662441 0.0101137 0.0102171 -0.0596430 0.0287599 0.0103592 0.0158745
0.0151537 0.0162880 -0.0355829 0.0089100 0.0074653 0.0109199 0.0093738 0.0131654 0.0116985 0.0149169 0.0087943 0.0142992 0.0086233 0.0128161 0.0097264 0.0129488 0.0101016 0.0105194 0.0105000 1.0222985 0.0116588 -0.0428995 0.0063483 0.0093139 0.0121913 0.0107495 0.0123789 -0.0427378 -0.0413820 0.0121085 0.0076316 0.0118988 -0.0374443 0.0090505 -0.0400654 0.0073537 0.0122381 0.0071532 0.0090181 0.0116333 -0.0417971 0.0114522 0.0101500 0.0150081 0.0096037 0.0110147 0.0114683 0.0081092 -0.0254784 -0.0426129 0.0128952 0.0117027 -0.0445059 0.0115072 -0.0434414 0.0114886 0.0138475 0.0161564 0.0123322 0.0080722 0.0171032 -0.0442018 0.0120488 0.0101156 0.0104067 -0.0680784 -0.0705843 -0.0336887 0.0112718 0.0106725 0.0087843 -0.0399793 0.0109959 0.0121165 0.0095956 -0.0401247 0.0102260 0.0106316 0.0138361 0.0084269 -0.0435729 0.0097436 0.0100455 0.0101142 0.0104416 0.0111578 0.0154152 0.0096447 0.0094766 0.0093969 0.0109693 0.0086571 -0.0394974 -0.0460157 0.0104829 0.0132682 -0.0447298 -0.0435606 0.0046979 0.0172568 -0.0406268 0.0140921 -0.0440397 -0.0428543 0.0073045 0.0142662 0.0111085 -0.0430753 0.0079158 0.0085148 0.0084531 0.0114215 0.0111310 -0.0437883 0.0130874 0.0107534 -0.0450527 0.0076514 0.0065555 0.0015321 -0.0440981 0.0119967 0.0117942 0.0111891 0.0101464 0.0076846 0.0076235 0.0106712 0.0081118 0.0153693 -0.0095938 0.0097988 0.0097973 -0.0436385 0.0140210 -0.0421638 0.0089563 -0.0384167 0.0125417 0.0124302 0.0090012 0.0136838 0.0116226 0.0107937 -0.0429546 -0.0439321 0.0099073 0.0067686 0.0079394 0.0088099 0.0108750 -0.0402094 0.0091080 0.0065706 0.0095714 -0.0433134 -0.0468259 0.0125108 0.0117373 0.0107376 0.0055033 0.0069126 0.0099251 0.0127121 0.0116347 0.0079360 0.0122300 0.0096813 0.0092152 0.0079236 -0.0436178 0.0102517 0.0081580 0.0104735
0.0142295 0.0142276 -0.0439775 0.0120730 0.0073379 0.0129787 0.0107532 0.0144387 0.0103298 0.0124101 0.0091880 0.0117831 0.0083455 0.0179832 0.0149394 0.0113932 0.0068652 0.0098134 0.0188805 0.0116588 1.0336812 -0.0509157 0.0103307 0.0141440 0.0122795 0.0094345 0.0110534 -0.0502173 -0.0534714 0.0100184 0.0150381 0.0158417 -0.0447055 0.0137962 -0.0479781 0.0084144 0.0098029 0.0089148 0.0085363 0.0085609 -0.0484154 0.0114505 0.0143230 0.0145967 0.0098427 0.0081911 0.0093989 0.0108792 -0.0255322 -0.0420902 0.0140541 0.0135323 -0.0506022 0.0098168 -0.0467076 0.0083914 0.0118907 0.0169706 0.0105317 0.0112606 0.0095622 -0.0428557 0.0121049 0.0111652 0.0136093 -0.0753183 -0.0786571 -0.0410702 0.0194428 0.0108187 0.0060077 -0.0435688 0.0080443 0.0097100 0.0094050 -0.0459404 0.0179158 0.0102229 0.0109643 0.0119255 -0.0467624 0.0166863 0.0123868 0.0132114 0.0155193 0.0092197 0.0115316 0.0116407 0.0097470 0.0078463 0.0143248 0.0108012 -0.0470579 -0.0467780 0.0153919 0.0122691 -0.0476819 -0.0453360 0.0169425 0.0119613 -0.0412018 0.0109881 -0.0453608 -0.0466572 0.0165793 0.0134180 0.0122694 -0.0468702 0.0182005 0.0134991 0.0101522 0.0092123 0.0140260 -0.0465491 0.0118813 0.0119259 -0.0440215 0.0091775 0.0093000 -0.0016564 -0.0493416 0.0115929 0.0160798 0.0110882 0.0169072 0.0110760 0.0091794 0.0136585 0.0118562 0.0161635 -0.0086058 0.0113435 0.0088258 -0.0461236 0.0141186 -0.0487327 0.0108464 -0.0465382 0.0123923 0.0144960 0.0107047 0.0103219 0.0187412 0.0124068 -0.0487542 -0.0512115 0.0116760 0.0070251 0.0165030 0.0062311 0.0112625 -0.0399178 0.0067116 0.0042699 0.0095055 -0.0481402 -0.0453733 0.0130191 0.0114788 0.0107921 0.0045772 0.0135173 0.0078337 0.0157458 0.0078240 0.0099363 0.0118378 0.0191759 0.0094998 0.0100893 -0.0445912 0.0171542 0.0099336 0.0141985
-0.0485010 -0.0547688 0.1196449 -0.0455528 -0.0384540 -0.0533579 -0.0508652 -0.0491321 -0.0486539 -0.0503003 -0.0478225 -0.0475931 -0.0523478 -0.0510994 -0.0512888 -0.0392171 -0.0429789 -0.0455264 -0.0603826 -0.0428995 -0.0509157 1.1561465 -0.0430042 -0.0457825 -0.0507581 -0.0482132 -0.0476801 0.1301849 0.1287061 -0.0417593 -0.0533425 -0.0653555 0.1224265 -0.0478830 0.1260121 -0.0467699 -0.0436208 -0.0445318 -0.0476069 -0.0496578 0.1276121 -0.0642712 -0.0453381 -0.0496607 -0.0483162 -0.0496111 -0.0486728 -0.0476819 0.0682150 0.1165987 -0.0442207 -0.0455628 0.1262842 -0.0457423 0.1254244 -0.0457840 -0.0489984 -0.0451783 -0.0488040 -0.0422141 -0.0560284 0.1247986 -0.0490984 -0.0483807 -0.0477855 0.2243852 0.2170395 0.1022694 -0.0481638 -0.0443792 -0.0390094 0.1186363 -0.0492188 -0.0462422 -0.0423022 0.1318417 -0.0503305 -0.0501697 -0.0458416 -0.0493441 0.1270311 -0.0508341 -0.0505652 -0.0492321 -0.0517157 -0.0485357 -0.0508661 -0.0529924 -0.0407820 -0.0432659 -0.0487542 -0.0466061 0.1223396 0.1283922 -0.0481161 -0.0491321 0.1255401 0.1254350 -0.0486316 -0.0499185 0.1189828 -0.0513428 0.1226392 0.1250853 -0.0559080 -0.0471284 -0.0539820 0.1277484 -0.0501565 -0.0381284 -0.0454988 -0.0385935 -0.0429466 0.1279428 -0.0423713 -0.0614743 0.1214688 -0.0451005 -0.0376685 -0.0084257 0.1277799 -0.0456929 -0.0472270 -0.0456456 -0.0495016 -0.0466662 -0.0398654 -0.0528263 -0.0470470 -0.0470100 0.0144130 -0.0460767 -0.0476236 0.1260772 -0.0498787 0.1286051 -0.0446614 0.1277202 -0.0504580 -0.0507722 -0.0465234 -0.0498930 -0.0506336 -0.0530786 0.1295925 0.1276276 -0.0464385 -0.0391352 -0.0502861 -0.0351034 -0.0440865 0.1154420 -0.0413317 -0.0359129 -0.0501478 0.1236229 0.1256232 -0.0464810 -0.0500316 -0.0407942 -0.0296441 -0.0452435 -0.0457566 -0.0530301 -0.0374806 -0.0475447 -0.0464964 -0.0602433 -0.0516446 -0.0498943 0.1224187 -0.0537400 -0.0485544 -0.0561392
